2500
106496.804688
59607.269531
30689.888672
29804.693359
16291.314453
29804.638672
30829.320313
29804.796875
81592.109375
29804.650391
23462.988281
29804.677734
18868.730469
29804.679688
25466.376953
29804.666016
9336.724609
29804.671875
441.640991
29804.699219
71984.843750
29804.687500
99111.031250
29804.640625
56460.804688
29804.732422
1698.931030
29804.642578
104754.515625
29804.894531
9888.782227
29804.660156
97493.828125
29804.687500
105563.437500
29804.660156
96913.117188
29804.732422
18011.720703
29804.648438
54829.031250
29804.746094
12530.570313
29804.740234
1035.998291
29804.669922
1077.199951
29804.656250
13505.951172
29804.640625
1135.663574
29804.660156
61456.988281
29804.638672
68496.078125
29804.789063
11516.246094
29804.638672
11642.220703
29804.673828
62177.093750
29804.673828
1365.160034
29804.664063
1383.326294
29804.685547
1261.131104
29804.644531
98529.640625
29804.669922
1479.646606
29804.638672
53950.378906
29804.697266
1576.952637
29804.636719
48544.750000
29804.671875
68570.406250
29804.699219
89998.296875
29804.656250
14702.732422
29804.654297
26618.617188
29804.662109
88663.203125
29804.703125
30322.324219
29804.697266
4211.560547
29804.730469
46062.976563
29804.681641
14350.141602
29804.765625
101926.828125
29804.646484
90422.906250
29804.710938
21753.699219
29804.654297
89385.101563
29804.703125
101709.226563
29804.671875
43424.804688
29804.791016
23638.759766
29804.654297
13399.763672
29804.634766
80112.062500
29804.693359
85866.460938
29804.722656
2417.377930
29804.714844
85381.242188
29804.671875
59375.183594
29804.675781
23005.824219
29804.742188
2666.221924
29804.669922
2686.286133
29804.660156
39870.425781
29804.787109
27154.691406
29804.679688
59405.519531
29804.708984
2887.688965
29804.644531
58554.718750
29804.679688
96105.039063
29804.662109
102616.187500
29804.675781
45525.878906
29804.652344
84240.359375
29804.640625
1998.542236
29804.669922
5271.297852
29804.652344
3187.612549
29804.673828
3230.946045
29804.650391
22023.005859
29804.664063
29009.375000
29804.638672
24927.468750
29804.724609
3402.804688
29804.644531
64077.257813
29804.681641
96965.984375
29804.695313
63699.914063
29804.705078
92454.531250
29804.634766
2805.255371
29804.660156
8087.496094
29804.636719
67160.984375
29804.654297
61620.183594
29804.648438
53409.960938
29804.638672
12015.347656
29804.726563
68769.953125
29804.642578
88021.648438
29804.636719
13603.000000
29804.644531
22970.261719
29804.701172
16933.654297
29804.712891
31167.882813
29804.658203
28514.181641
29804.673828
105287.890625
29804.769531
91865.421875
29804.662109
50528.804688
29804.679688
61882.613281
29804.660156
4498.091797
29804.707031
81014.578125
29804.634766
34046.210938
29804.648438
56570.906250
29804.650391
61607.367188
29804.638672
17701.316406
29804.666016
49070.617188
29804.634766
41378.632813
29804.691406
644.445435
29804.638672
4943.123047
29804.658203
13244.037109
29804.687500
95130.992188
29804.722656
94236.078125
29804.818359
85265.578125
29804.681641
53481.101563
29804.634766
87659.625000
29804.689453
97921.765625
29804.652344
6140.322266
29804.656250
78846.328125
29804.666016
46568.476563
29804.728516
55508.257813
29804.687500
52862.468750
29804.746094
26442.968750
29804.794922
20570.042969
29804.640625
21672.824219
29804.681641
44500.257813
29804.636719
59034.964844
29804.640625
5734.911133
29804.640625
8172.049805
29804.638672
99645.781250
29804.646484
85582.125000
29804.683594
85825.328125
29804.689453
18573.916016
29804.662109
29887.164063
29804.898438
76018.226563
29804.640625
25613.179688
29804.787109
6077.048340
29804.634766
72293.437500
29804.677734
85636.421875
29804.669922
35601.421875
29804.689453
59031.406250
29804.634766
56645.402344
29804.638672
46812.164063
29804.675781
102262.343750
29804.687500
35480.843750
29804.703125
6471.583008
29804.707031
44125.937500
29804.644531
104867.710938
29804.855469
10084.488281
29804.720703
102045.031250
29804.640625
55416.312500
29804.656250
6751.275391
29804.689453
72489.093750
29804.634766
58093.566406
29804.640625
96556.726563
29804.644531
50326.210938
29804.679688
78264.304688
29804.666016
92650.578125
29804.652344
7175.146484
29804.664063
52762.238281
29804.646484
82739.203125
29804.689453
102094.625000
29804.675781
7451.554199
29804.658203
56912.085938
29804.740234
38098.390625
29804.638672
33648.550781
29804.701172
88283.484375
29804.664063
82633.945313
29804.765625
7814.857422
29804.722656
7928.115234
29804.667969
49969.171875
29804.652344
54332.828125
29804.642578
47674.296875
29804.652344
23524.742188
29804.710938
92480.656250
29804.636719
8130.715820
29804.650391
8187.673828
29804.652344
95711.398438
29804.740234
25020.173828
29804.652344
91542.101563
29804.683594
8476.765625
29804.677734
89299.812500
29804.687500
31739.544922
29804.636719
682.006470
29804.646484
68733.140625
29804.648438
97176.203125
29804.658203
42345.644531
29804.644531
24403.160156
29804.679688
2935.864746
29804.638672
40460.773438
29804.650391
104431.000000
29804.660156
47670.726563
29804.648438
92513.031250
29804.654297
65727.492188
29804.638672
17993.464844
29804.650391
47848.460938
29804.636719
11388.502930
29804.683594
60382.601563
29804.683594
9198.349609
29804.652344
97284.140625
29804.683594
74677.773438
29804.634766
42985.191406
29804.675781
65466.003906
29804.660156
78935.054688
29804.671875
17802.207031
29804.683594
9597.349609
29804.693359
1762.379517
29804.677734
41983.531250
29804.640625
65919.492188
29804.642578
97650.546875
29804.654297
869.720947
29804.847656
42718.441406
29804.636719
104144.406250
29804.751953
91226.171875
29804.777344
33330.000000
29804.779297
35274.601563
29804.636719
23372.355469
29804.664063
65550.062500
29804.699219
41233.917969
29804.710938
71756.539063
29804.669922
24755.464844
29804.650391
42775.234375
29804.671875
227.380951
29804.636719
6641.049805
29804.693359
10537.652344
29804.820313
105406.632813
29804.712891
57019.050781
29804.755859
10781.134766
29804.671875
39532.960938
29804.673828
10852.923828
29804.636719
10895.490234
29804.679688
91672.921875
29804.644531
72187.632813
29804.687500
6684.308594
29804.650391
1617.143311
29804.642578
42143.265625
29804.662109
64756.148438
29804.638672
64989.617188
29804.679688
85042.828125
29804.667969
13792.105469
29804.722656
51398.242188
29804.712891
11539.576172
29804.636719
29779.562500
29804.751953
87340.234375
29804.667969
57113.585938
29804.761719
33901.914063
29804.654297
51906.570313
29804.654297
33226.023438
29804.722656
35215.500000
29804.669922
94739.265625
29804.716797
15094.955078
29804.664063
98093.515625
29804.716797
21950.222656
29804.712891
33775.851563
29804.648438
8671.824219
29804.699219
17039.306641
29804.660156
68952.726563
29804.642578
52035.554688
29804.650391
88992.812500
29804.662109
106040.984375
29804.791016
33082.382813
29804.740234
12369.745117
29804.669922
1087.206543
29804.636719
12500.880859
29804.775391
285.952484
29804.671875
92766.851563
29804.716797
82377.828125
29804.751953
13674.927734
29804.658203
30625.625000
29804.652344
12823.182617
29804.658203
42918.378906
29804.644531
82468.015625
29804.667969
57763.664063
29804.673828
31653.703125
29804.646484
13052.549805
29804.658203
45596.335938
29804.662109
13143.044922
29804.677734
80521.421875
29804.634766
81101.632813
29804.646484
65520.128906
29804.714844
47096.453125
29804.652344
27042.527344
29804.634766
95214.117188
29804.705078
84348.109375
29804.666016
56104.398438
29804.687500
97433.218750
29804.667969
31415.925781
29804.697266
85694.320313
29804.761719
4083.989258
29804.677734
16016.322266
29804.667969
3499.915039
29804.730469
40956.773438
29804.642578
4435.802734
29804.650391
84918.359375
29804.638672
73833.132813
29804.652344
46537.640625
29804.736328
50753.750000
29804.787109
14018.941406
29804.685547
59261.687500
29804.783203
44195.070313
29804.648438
89007.671875
29804.650391
33915.851563
29804.636719
8581.150391
29804.664063
14272.854492
29804.662109
79443.296875
29804.652344
89249.265625
29804.722656
44537.914063
29804.660156
3961.177734
29804.640625
78749.726563
29804.636719
74044.335938
29804.802734
4704.839844
29804.656250
33813.765625
29804.646484
10473.009766
29804.785156
32608.898438
29804.699219
80269.515625
29804.812500
8225.977539
29804.673828
14955.867188
29804.693359
32853.574219
29804.666016
3533.329346
29804.636719
73155.445313
29804.707031
21160.443359
29804.664063
28630.271484
29804.718750
15232.814453
29804.857422
29754.308594
29804.710938
47699.656250
29804.638672
64527.265625
29804.683594
57259.746094
29804.671875
22657.867188
29804.742188
15631.128906
29804.634766
60058.500000
29804.636719
61101.199219
29804.646484
83598.101563
29804.658203
8540.721680
29804.679688
78983.429688
29804.638672
89342.281250
29804.658203
5837.707520
29804.699219
49684.078125
29804.710938
99056.421875
29804.685547
14415.568359
29804.865234
16242.687500
29804.656250
16277.885742
29804.634766
68681.375000
29804.658203
16319.977539
29804.664063
99796.578125
29804.681641
26225.503906
29804.728516
98038.953125
29804.673828
93504.125000
29804.705078
608.548706
29804.636719
37285.765625
29804.646484
16737.328125
29804.677734
101363.328125
29804.675781
39693.781250
29804.683594
72735.179688
29804.660156
86748.843750
29804.687500
70485.515625
29804.640625
49789.695313
29804.638672
17074.781250
29804.654297
78877.890625
29804.662109
87997.109375
29804.638672
43248.386719
29804.660156
38968.066406
29804.671875
66949.718750
29804.703125
105887.921875
29804.640625
5314.704102
29804.636719
71518.390625
29804.648438
57685.531250
29804.767578
44436.179688
29804.714844
100551.453125
29804.677734
4833.599609
29804.650391
42465.359375
29804.660156
53585.429688
29804.642578
33803.218750
29804.644531
79054.992188
29804.644531
27866.937500
29804.662109
27964.765625
29804.644531
55609.585938
29804.683594
27106.183594
29804.673828
54708.625000
29804.656250
72518.546875
29804.656250
22875.214844
29804.712891
18161.468750
29804.646484
37349.000000
29804.667969
54654.269531
29804.689453
23953.021484
29804.699219
65713.460938
29804.640625
46882.640625
29804.662109
61017.070313
29804.722656
82287.460938
29804.710938
81058.093750
29804.695313
12156.451172
29804.634766
10630.202148
29804.833984
88800.179688
29804.634766
20238.781250
29804.679688
18944.292969
29804.650391
19004.824219
29804.675781
73572.757813
29804.722656
29960.812500
29804.880859
43629.242188
29804.685547
62932.835938
29804.757813
101390.546875
29804.732422
79975.914063
29804.646484
48009.292969
29804.677734
70277.656250
29804.679688
2999.910156
29804.695313
37126.730469
29804.701172
26058.625000
29804.664063
96403.109375
29804.648438
37714.851563
29804.699219
34869.539063
29804.656250
19951.505859
29804.683594
75152.085938
29804.640625
66781.039063
29804.712891
40818.195313
29804.667969
104240.953125
29804.919922
19238.218750
29804.689453
76069.531250
29804.656250
24369.265625
29804.714844
47186.441406
29804.667969
68409.625000
29804.658203
58640.820313
29804.652344
94799.703125
29804.755859
79226.804688
29804.685547
53399.644531
29804.638672
49163.531250
29804.693359
59661.812500
29804.638672
96203.062500
29804.763672
19362.218750
29804.642578
20873.609375
29804.783203
20980.117188
29804.712891
16532.417969
29804.695313
4162.283203
29804.681641
56847.625000
29804.673828
88636.453125
29804.642578
18661.207031
29804.681641
36425.937500
29804.765625
28087.048828
29804.640625
21414.021484
29804.636719
3670.336914
29804.669922
15277.039063
29804.886719
14080.968750
29804.640625
44853.117188
29804.693359
71319.468750
29804.650391
61977.976563
29804.701172
83648.132813
29804.683594
67340.968750
29804.699219
67150.953125
29804.648438
21884.765625
29804.673828
103899.828125
29804.669922
56644.765625
29804.662109
81406.359375
29804.640625
55962.210938
29804.681641
81963.109375
29804.667969
62815.625000
29804.720703
7591.308594
29804.785156
11480.017578
29804.667969
44909.023438
29804.785156
1446.164185
29804.636719
20106.796875
29804.638672
13558.716797
29804.642578
22606.445313
29804.652344
15601.931641
29804.650391
8245.480469
29804.634766
76170.523438
29804.658203
40052.351563
29804.826172
94097.625000
29804.732422
29346.488281
29804.744141
43685.250000
29804.642578
31317.273438
29804.656250
35345.562500
29804.675781
30558.808594
29804.671875
43705.187500
29804.634766
50735.562500
29804.746094
59504.664063
29804.662109
69636.218750
29804.685547
9128.301758
29804.707031
60744.125000
29804.646484
23619.785156
29804.666016
89509.265625
29804.644531
45032.984375
29804.654297
103097.140625
29804.814453
51038.453125
29804.685547
79840.921875
29804.636719
72466.578125
29804.652344
23884.136719
29804.667969
99746.562500
29804.634766
2367.300781
29804.750000
17175.751953
29804.728516
24183.667969
29804.656250
59982.660156
29804.734375
12976.843750
29804.691406
36936.285156
29804.673828
13164.219727
29804.703125
49024.023438
29804.660156
82255.781250
29804.720703
93448.609375
29804.669922
47230.218750
29804.664063
2183.212891
29804.673828
8961.367188
29804.644531
85531.531250
29804.646484
1101.170532
29804.646484
26952.496094
29804.636719
24726.285156
29804.644531
30951.681641
29804.773438
85923.945313
29804.669922
26017.529297
29804.638672
14304.920898
29804.722656
72508.265625
29804.687500
5401.047852
29804.775391
66727.312500
29804.658203
25081.929688
29804.673828
60537.367188
29804.640625
37385.300781
29804.636719
52812.667969
29804.687500
47782.765625
29804.646484
21563.746094
29804.687500
61937.257813
29804.669922
68075.734375
29804.707031
17407.304688
29804.634766
46785.332031
29804.644531
83294.093750
29804.658203
31742.117188
29804.675781
66192.031250
29804.638672
88816.546875
29804.646484
23666.861328
29804.636719
66432.359375
29804.634766
88855.687500
29804.687500
25917.917969
29804.666016
25958.197266
29804.664063
11141.974609
29804.662109
73656.937500
29804.652344
22229.064453
29804.656250
63598.429688
29804.734375
55191.734375
29804.687500
96699.101563
29804.718750
26285.429688
29804.683594
35813.691406
29804.652344
57903.218750
29804.771484
31984.542969
29804.699219
39134.011719
29804.642578
76211.296875
29804.640625
57444.890625
29804.671875
25815.761719
29804.644531
71796.468750
29804.675781
57575.371094
29804.648438
36540.835938
29804.714844
26793.730469
29804.689453
35287.273438
29804.638672
32474.718750
29804.699219
89943.351563
29804.640625
26967.660156
29804.642578
105830.015625
29804.675781
66409.625000
29804.683594
46011.417969
29804.708984
902.499329
29804.771484
17795.925781
29804.679688
88249.281250
29804.708984
27284.824219
29804.720703
27306.898438
29804.730469
12661.335938
29804.732422
23420.070313
29804.640625
28030.015625
29804.662109
17825.359375
29804.691406
14124.824219
29804.662109
73203.804688
29804.833984
22233.910156
29804.636719
27770.009766
29804.693359
35766.503906
29804.646484
35378.656250
29804.666016
42397.992188
29804.671875
103248.039063
29804.697266
37990.007813
29804.710938
91893.773438
29804.640625
66149.640625
29804.652344
30589.523438
29804.693359
28196.708984
29804.740234
28246.570313
29804.664063
97848.125000
29804.722656
85369.390625
29804.662109
64488.773438
29804.664063
69212.734375
29804.730469
20509.042969
29804.697266
29264.781250
29804.648438
61589.445313
29804.662109
2123.258301
29804.638672
80529.203125
29804.636719
11025.353516
29804.712891
28878.960938
29804.695313
21434.519531
29804.638672
92989.210938
29804.648438
58535.843750
29804.675781
59723.132813
29804.640625
54268.234375
29804.658203
76155.109375
29804.646484
17771.917969
29804.642578
20296.437500
29804.636719
29406.435547
29804.644531
60279.660156
29804.707031
93411.468750
29804.640625
25373.041016
29804.636719
84797.906250
29804.695313
102428.164063
29804.671875
97341.781250
29804.673828
29741.070313
29804.718750
59944.929688
29804.664063
34604.437500
29804.673828
4306.638672
29804.636719
60814.859375
29804.679688
96276.531250
29804.822266
28648.404297
29804.705078
53516.597656
29804.695313
30182.849609
29804.812500
13912.236328
29804.787109
18449.136719
29804.695313
100490.000000
29804.689453
11060.472656
29804.750000
51044.273438
29804.693359
97700.671875
29804.664063
60949.968750
29804.646484
31618.691406
29804.640625
46.159245
29804.669922
30725.699219
29804.697266
38422.238281
29804.685547
47766.519531
29804.644531
64891.773438
29804.634766
20012.156250
29804.701172
29655.066406
29804.640625
20433.882813
29804.658203
51185.746094
29804.654297
76395.687500
29804.673828
31195.097656
29804.685547
93438.960938
29804.666016
49621.832031
29804.666016
38670.164063
29804.648438
23827.814453
29804.666016
20591.550781
29804.652344
32262.285156
29804.679688
62896.503906
29804.730469
63538.894531
29804.685547
736.231323
29804.724609
53626.144531
29804.675781
7619.469727
29804.691406
22044.572266
29804.650391
23688.117188
29804.638672
69017.078125
29804.687500
78736.718750
29804.640625
17926.289063
29804.644531
73883.890625
29804.669922
32030.593750
29804.818359
106438.117188
29804.693359
32176.822266
29804.667969
101984.359375
29804.722656
64346.242188
29804.667969
45771.531250
29804.716797
88067.203125
29804.669922
12347.820313
29804.654297
32552.185547
29804.640625
68867.039063
29804.648438
47855.695313
29804.646484
17241.091797
29804.720703
32706.937500
29804.708984
32109.855469
29804.671875
25496.492188
29804.634766
43765.523438
29804.638672
32911.878906
29804.664063
13846.622070
29804.759766
104227.015625
29804.880859
33020.984375
29804.699219
62171.277344
29804.681641
71855.265625
29804.779297
38857.734375
29804.687500
33239.796875
29804.753906
33304.445313
29804.794922
19106.718750
29804.648438
51202.886719
29804.667969
25787.699219
29804.640625
87225.234375
29804.636719
104385.406250
29804.646484
60480.703125
29804.634766
33583.101563
29804.775391
20863.519531
29804.695313
58203.871094
29804.679688
60496.343750
29804.638672
51770.128906
29804.640625
40590.917969
29804.656250
28369.550781
29804.667969
80595.125000
29804.662109
64927.234375
29804.771484
2921.371094
29804.636719
79786.492188
29804.695313
6590.043457
29804.650391
80004.710938
29804.650391
30382.105469
29804.683594
72146.492188
29804.642578
47553.773438
29804.634766
76678.687500
29804.712891
40286.335938
29804.667969
34435.539063
29804.679688
29112.039063
29804.683594
25355.955078
29804.644531
43126.164063
29804.669922
67732.710938
29804.685547
54157.429688
29804.767578
55269.664063
29804.675781
3491.951172
29804.718750
2355.754395
29804.728516
81716.007813
29804.664063
50418.910156
29804.644531
67612.156250
29804.679688
103854.031250
29804.652344
29435.621094
29804.656250
62082.222656
29804.656250
50076.937500
29804.775391
39020.375000
29804.634766
2056.226074
29804.736328
35423.812500
29804.658203
21402.097656
29804.636719
83824.859375
29804.669922
38806.601563
29804.673828
5219.137695
29804.658203
35648.882813
29804.648438
84002.218750
29804.685547
35726.492188
29804.683594
64130.015625
29804.730469
12140.666016
29804.642578
75242.328125
29804.642578
35935.703125
29804.666016
31683.390625
29804.664063
57333.914063
29804.710938
94316.429688
29804.689453
22827.773438
29804.660156
81689.601563
29804.654297
37563.097656
29804.738281
57524.242188
29804.685547
89548.765625
29804.677734
27719.873047
29804.634766
40630.042969
29804.697266
73128.609375
29804.652344
36605.179688
29804.650391
59214.000000
29804.798828
55044.656250
29804.636719
19748.035156
29804.773438
36762.230469
29804.669922
36827.828125
29804.716797
19400.070313
29804.726563
41751.179688
29804.714844
13889.500000
29804.761719
84060.406250
29804.644531
8578.310547
29804.638672
10293.696289
29804.662109
22362.609375
29804.701172
41683.816406
29804.664063
53777.585938
29804.796875
37425.304688
29804.666016
34030.835938
29804.634766
31835.816406
29804.660156
58296.453125
29804.687500
43739.843750
29804.652344
16815.123047
29804.666016
98942.578125
29804.648438
94541.421875
29804.812500
37810.777344
29804.667969
90524.203125
29804.658203
74895.468750
29804.667969
51166.312500
29804.667969
54577.992188
29804.660156
21090.964844
29804.658203
101926.203125
29804.724609
63727.726563
29804.744141
78780.328125
29804.660156
72661.421875
29804.669922
63647.492188
29804.650391
27380.802734
29804.677734
7120.522461
29804.673828
52362.343750
29804.679688
48460.292969
29804.662109
59321.250000
29804.681641
46708.664063
29804.728516
95932.656250
29804.646484
43817.968750
29804.644531
100081.421875
29804.712891
39068.617188
29804.677734
87619.125000
29804.636719
59791.722656
29804.675781
39113.449219
29804.644531
74687.937500
29804.636719
67221.906250
29804.716797
48836.574219
29804.750000
51549.375000
29804.873047
78395.648438
29804.710938
80206.187500
29804.730469
24337.646484
29804.669922
86316.140625
29804.652344
11091.093750
29804.730469
38103.253906
29804.667969
24592.726563
29804.642578
77856.968750
29804.638672
81371.859375
29804.689453
88479.460938
29804.677734
39923.976563
29804.812500
37950.937500
29804.679688
40032.679688
29804.839844
101746.695313
29804.664063
75099.906250
29804.669922
22555.376953
29804.712891
67688.453125
29804.718750
103493.492188
29804.677734
77157.101563
29804.732422
21648.832031
29804.707031
9402.703125
29804.728516
38059.269531
29804.634766
36158.625000
29804.667969
96562.000000
29804.642578
103056.140625
29804.785156
3777.775391
29804.679688
19080.990234
29804.667969
1633.087402
29804.644531
42819.257813
29804.697266
36675.765625
29804.685547
26710.818359
29804.683594
60715.421875
29804.654297
86086.140625
29804.716797
11850.929688
29804.642578
14727.826172
29804.636719
65740.085938
29804.634766
89960.531250
29804.640625
24655.103516
29804.673828
34999.523438
29804.669922
47897.207031
29804.669922
7501.833984
29804.662109
41635.421875
29804.636719
87055.882813
29804.667969
147.674927
29804.748047
90776.031250
29804.666016
50374.531250
29804.656250
36707.390625
29804.667969
21451.964844
29804.666016
34338.531250
29804.705078
73302.750000
29804.726563
8062.976563
29804.656250
82810.601563
29804.636719
67940.468750
29804.697266
97725.656250
29804.671875
45654.742188
29804.638672
15933.775391
29804.691406
8020.809570
29804.642578
41615.078125
29804.648438
102821.796875
29804.802734
63429.078125
29804.773438
42528.492188
29804.714844
68519.796875
29804.750000
24641.814453
29804.685547
28315.296875
29804.710938
61269.507813
29804.646484
103996.812500
29804.662109
86642.039063
29804.648438
85793.492188
29804.660156
104978.468750
29804.775391
38743.382813
29804.640625
75964.890625
29804.699219
89799.164063
29804.640625
29982.167969
29804.941406
69064.398438
29804.681641
70217.796875
29804.753906
43211.476563
29804.660156
74798.109375
29804.666016
71617.359375
29804.656250
43310.617188
29804.662109
79877.367188
29804.656250
16666.523438
29804.638672
43480.882813
29804.748047
7259.603516
29804.685547
65634.718750
29804.734375
27084.492188
29804.656250
12417.151367
29804.755859
103666.140625
29804.646484
19675.589844
29804.757813
83940.109375
29804.658203
1243.204224
29804.650391
4997.004883
29804.658203
68893.765625
29804.646484
39309.890625
29804.646484
90490.359375
29804.634766
19342.949219
29804.675781
77274.804688
29804.662109
102780.250000
29804.656250
65859.078125
29804.636719
6550.723633
29804.673828
44241.851563
29804.675781
44335.187500
29804.679688
39584.000000
29804.699219
23185.226563
29804.701172
43493.406250
29804.753906
96730.062500
29804.742188
44580.304688
29804.656250
44655.453125
29804.695313
99139.414063
29804.675781
44787.921875
29804.673828
42484.679688
29804.683594
96153.156250
29804.722656
65181.007813
29804.734375
3389.149170
29804.646484
52943.199219
29804.638672
92913.250000
29804.669922
103133.515625
29804.744141
7959.995117
29804.710938
10735.960938
29804.638672
815.079224
29804.636719
98335.000000
29804.730469
77310.000000
29804.687500
45369.523438
29804.779297
87948.390625
29804.666016
2966.600342
29804.648438
102412.742188
29804.644531
98412.046875
29804.654297
31562.578125
29804.679688
45683.597656
29804.660156
1567.212158
29804.640625
2269.639648
29804.638672
30358.351563
29804.746094
33524.765625
29804.742188
45894.261719
29804.679688
45945.062500
29804.634766
47205.320313
29804.667969
65810.671875
29804.675781
1296.054932
29804.638672
10466.882813
29804.687500
72900.000000
29804.671875
60356.355469
29804.648438
42294.921875
29804.669922
39810.542969
29804.726563
44997.117188
29804.634766
43807.125000
29804.650391
32310.226563
29804.707031
48737.992188
29804.666016
92211.929688
29804.863281
32219.500000
29804.646484
29275.185547
29804.634766
20190.722656
29804.753906
75175.125000
29804.638672
55015.203125
29804.664063
47037.742188
29804.642578
43206.835938
29804.664063
35679.714844
29804.644531
47144.589844
29804.648438
5059.571777
29804.654297
45961.757813
29804.640625
71058.718750
29804.671875
34753.023438
29804.667969
98458.351563
29804.638672
78445.953125
29804.679688
81897.781250
29804.671875
5065.329590
29804.636719
47513.062500
29804.666016
14759.878906
29804.638672
47566.367188
29804.638672
91699.093750
29804.664063
63186.093750
29804.634766
18212.343750
29804.718750
66866.085938
29804.673828
22456.328125
29804.722656
94555.117188
29804.650391
5545.799805
29804.685547
83607.460938
29804.650391
41569.218750
29804.650391
97240.156250
29804.644531
28841.296875
29804.699219
56739.539063
29804.695313
48054.007813
29804.720703
15571.552734
29804.695313
51450.968750
29804.828125
19544.693359
29804.669922
25161.273438
29804.634766
74634.796875
29804.662109
38639.832031
29804.644531
31049.468750
29804.689453
62236.812500
29804.677734
35279.117188
29804.634766
48251.125000
29804.681641
58633.101563
29804.638672
16021.461914
29804.675781
38579.117188
29804.669922
36450.234375
29804.742188
46318.062500
29804.769531
87541.812500
29804.703125
56437.335938
29804.712891
80481.000000
29804.691406
51499.734375
29804.857422
84860.757813
29804.644531
49177.179688
29804.673828
20637.550781
29804.701172
68925.437500
29804.671875
73240.960938
29804.724609
45011.210938
29804.644531
29836.769531
29804.812500
56153.687500
29804.646484
2227.838135
29804.675781
49543.820313
29804.728516
80904.187500
29804.671875
96650.414063
29804.681641
1459.474121
29804.642578
49755.152344
29804.671875
49087.406250
29804.634766
88357.531250
29804.710938
104641.593750
29804.691406
16191.632813
29804.652344
26833.804688
29804.728516
82933.750000
29804.675781
70639.656250
29804.667969
52473.527344
29804.634766
18907.187500
29804.654297
4931.978516
29804.650391
20251.335938
29804.693359
46923.250000
29804.638672
104060.984375
29804.642578
38235.226563
29804.644531
13092.339844
29804.699219
15155.208008
29804.683594
41493.945313
29804.720703
13439.448242
29804.716797
99216.718750
29804.701172
9503.373047
29804.646484
78356.515625
29804.677734
36321.578125
29804.705078
1533.379272
29804.679688
5505.912109
29804.654297
48687.484375
29804.636719
41909.539063
29804.689453
26896.281250
29804.703125
80654.718750
29804.669922
65121.500000
29804.679688
62503.511719
29804.755859
12980.970703
29804.685547
99747.656250
29804.634766
36251.156250
29804.693359
44710.746094
29804.716797
43873.886719
29804.654297
173.419250
29804.697266
27984.113281
29804.654297
59643.601563
29804.642578
76824.015625
29804.638672
16397.414063
29804.685547
51812.554688
29804.646484
51857.687500
29804.677734
62234.691406
29804.675781
51915.781250
29804.652344
75932.734375
29804.687500
64814.203125
29804.646484
55438.933594
29804.646484
52122.718750
29804.693359
19910.671875
29804.669922
9782.845703
29804.683594
17919.324219
29804.648438
10526.085938
29804.640625
14258.266602
29804.636719
25288.183594
29804.666016
57690.554688
29804.634766
240.786514
29804.638672
51105.773438
29804.658203
52739.128906
29804.638672
25688.792969
29804.703125
42687.171875
29804.666016
12272.280273
29804.679688
17000.796875
29804.646484
94699.218750
29804.667969
52969.492188
29804.636719
53007.695313
29804.679688
101467.265625
29804.640625
102629.015625
29804.685547
15456.439453
29804.750000
62328.468750
29804.656250
37838.531250
29804.708984
53264.625000
29804.667969
52060.179688
29804.675781
53369.085938
29804.664063
34071.484375
29804.667969
15858.250000
29804.687500
2781.913574
29804.646484
84511.562500
29804.662109
53456.335938
29804.646484
84608.093750
29804.705078
82549.625000
29804.683594
100676.218750
29804.746094
1279.166016
29804.636719
53673.894531
29804.642578
53729.902344
29804.703125
52422.234375
29804.744141
17369.582031
29804.664063
99293.648438
29804.812500
102350.031250
29804.679688
98961.281250
29804.640625
101312.937500
29804.669922
30679.027344
29804.673828
46400.921875
29804.693359
57971.968750
29804.755859
74916.546875
29804.673828
7725.665527
29804.667969
47977.734375
29804.652344
48189.562500
29804.650391
34807.023438
29804.669922
92279.515625
29804.904297
17879.347656
29804.712891
64881.875000
29804.671875
102148.312500
29804.636719
92603.687500
29804.664063
90141.250000
29804.667969
62279.085938
29804.640625
59875.464844
29804.636719
55006.960938
29804.660156
66450.968750
29804.705078
82873.492188
29804.685547
46970.789063
29804.677734
92103.500000
29804.664063
84018.890625
29804.675781
95384.078125
29804.763672
90070.687500
29804.660156
48405.992188
29804.666016
25195.625000
29804.666016
67390.265625
29804.667969
87017.125000
29804.667969
62501.804688
29804.636719
55719.726563
29804.689453
38252.445313
29804.654297
74994.781250
29804.775391
64572.105469
29804.755859
22098.445313
29804.712891
101045.882813
29804.679688
103671.000000
29804.691406
31086.230469
29804.730469
49445.941406
29804.671875
71112.046875
29804.722656
60147.875000
29804.691406
44112.644531
29804.681641
37615.375000
29804.683594
34501.601563
29804.726563
75633.203125
29804.638672
83038.578125
29804.675781
3440.614258
29804.640625
12243.005859
29804.658203
86807.375000
29804.771484
70920.515625
29804.746094
7182.693359
29804.640625
61131.250000
29804.662109
17520.216797
29804.697266
99995.679688
29804.642578
56961.734375
29804.677734
42956.828125
29804.634766
98209.656250
29804.671875
41186.089844
29804.664063
32400.572266
29804.703125
6253.522461
29804.697266
42885.757813
29804.638672
9673.679688
29804.640625
56261.023438
29804.720703
56.674210
29804.664063
98483.265625
29804.652344
40160.000000
29804.728516
57628.355469
29804.697266
77059.960938
29804.646484
84128.632813
29804.648438
97613.359375
29804.636719
14199.826172
29804.671875
79694.242188
29804.666016
76336.078125
29804.642578
47482.203125
29804.677734
58084.398438
29804.701172
54764.695313
29804.728516
70872.226563
29804.685547
42604.101563
29804.677734
56657.351563
29804.650391
86707.609375
29804.699219
89710.500000
29804.824219
11553.474609
29804.638672
8010.895508
29804.636719
80067.609375
29804.664063
2903.270508
29804.642578
58607.750000
29804.640625
77515.398438
29804.791016
104773.617188
29804.869141
94859.953125
29804.855469
58866.820313
29804.669922
78513.093750
29804.648438
58924.554688
29804.650391
64630.074219
29804.708984
36720.957031
29804.650391
25224.853516
29804.642578
105847.421875
29804.656250
3950.130127
29804.644531
40858.281250
29804.691406
9069.671875
29804.662109
43942.433594
29804.736328
4675.656250
29804.656250
24699.775391
29804.650391
93368.859375
29804.646484
34294.867188
29804.654297
98585.507813
29804.699219
23241.812500
29804.652344
4336.173828
29804.673828
96125.687500
29804.640625
948.479004
29804.732422
50693.078125
29804.722656
59638.804688
29804.640625
46288.679688
29804.705078
89158.953125
29804.658203
52199.585938
29804.681641
59740.851563
29804.634766
105189.093750
29804.837891
91856.750000
29804.648438
44827.328125
29804.660156
59114.257813
29804.662109
21621.851563
29804.734375
72769.203125
29804.691406
45479.550781
29804.644531
100771.468750
29804.658203
60097.773438
29804.646484
61222.964844
29804.642578
60245.832031
29804.671875
82774.632813
29804.650391
31894.722656
29804.654297
92818.429688
29804.837891
59131.500000
29804.671875
82009.843750
29804.726563
58479.335938
29804.660156
12625.646484
29804.720703
10364.894531
29804.662109
60599.578125
29804.671875
98758.656250
29804.685547
86518.625000
29804.640625
69764.578125
29804.685547
83101.468750
29804.671875
74274.171875
29804.634766
60873.953125
29804.667969
77018.335938
29804.708984
54069.187500
29804.640625
96626.445313
29804.666016
52409.578125
29804.666016
100401.421875
29804.646484
35047.429688
29804.652344
4421.608887
29804.654297
68016.953125
29804.724609
59020.390625
29804.634766
49326.890625
29804.748047
61300.792969
29804.634766
61349.789063
29804.677734
61391.460938
29804.691406
65171.710938
29804.750000
106316.851563
29804.640625
61509.218750
29804.677734
23385.023438
29804.654297
93061.375000
29804.675781
15726.683594
29804.664063
32662.308594
29804.673828
72348.757813
29804.724609
46495.425781
29804.681641
58873.355469
29804.666016
1307.523560
29804.642578
100835.500000
29804.679688
47068.507813
29804.638672
62053.796875
29804.671875
83151.687500
29804.664063
10964.394531
29804.650391
86480.414063
29804.654297
38554.023438
29804.646484
8850.972656
29804.673828
100599.234375
29804.726563
54914.921875
29804.634766
49599.210938
29804.699219
99385.812500
29804.638672
80318.828125
29804.904297
65592.960938
29804.789063
16995.820313
29804.669922
14516.447266
29804.681641
62636.562500
29804.656250
38472.210938
29804.634766
91178.531250
29804.707031
74942.593750
29804.716797
72246.562500
29804.634766
28597.000000
29804.662109
71990.820313
29804.716797
3352.946289
29804.644531
63104.218750
29804.658203
625.752930
29804.636719
11633.455078
29804.699219
76642.492188
29804.689453
49917.039063
29804.636719
63311.128906
29804.699219
73810.812500
29804.654297
63401.062500
29804.718750
102713.062500
29804.689453
102331.562500
29804.677734
21484.906250
29804.652344
91601.468750
29804.679688
39193.546875
29804.681641
62532.601563
29804.740234
71218.687500
29804.648438
63761.507813
29804.683594
8998.322266
29804.634766
8121.041992
29804.644531
64003.171875
29804.712891
3446.103516
29804.648438
56604.609375
29804.693359
49236.734375
29804.691406
31918.171875
29804.671875
97992.953125
29804.634766
83371.296875
29804.712891
24256.937500
29804.677734
3705.409668
29804.662109
70085.523438
29804.693359
24585.351563
29804.642578
100585.710938
29804.634766
41061.203125
29804.761719
86590.687500
29804.673828
8083.031250
29804.634766
49093.628906
29804.638672
39729.671875
29804.708984
29296.988281
29804.658203
63954.324219
29804.677734
63840.480469
29804.726563
44133.179688
29804.671875
51286.250000
29804.648438
3862.897461
29804.707031
95791.468750
29804.718750
65245.703125
29804.687500
65296.648438
29804.679688
4011.804199
29804.677734
105615.117188
29804.726563
9632.434570
29804.646484
71195.468750
29804.644531
85425.640625
29804.634766
98397.375000
29804.638672
68311.875000
29804.691406
75750.718750
29804.642578
62095.515625
29804.656250
16134.898438
29804.695313
82881.968750
29804.699219
84550.375000
29804.664063
93864.656250
29804.687500
6025.126953
29804.638672
65928.890625
29804.648438
65940.703125
29804.642578
91978.929688
29804.710938
76856.101563
29804.730469
58446.574219
29804.652344
52555.906250
29804.646484
5746.216309
29804.644531
20214.695313
29804.636719
66308.257813
29804.667969
74760.140625
29804.656250
22765.406250
29804.708984
43518.335938
29804.789063
19280.390625
29804.753906
21503.892578
29804.642578
82812.757813
29804.636719
66649.257813
29804.675781
95671.687500
29804.867188
11740.306641
29804.642578
79920.351563
29804.638672
74851.796875
29804.654297
8596.555664
29804.734375
67088.515625
29804.667969
75297.750000
29804.656250
77402.937500
29804.662109
75747.335938
29804.662109
20739.300781
29804.662109
55558.691406
29804.714844
63410.785156
29804.648438
38485.851563
29804.646484
15671.972656
29804.664063
79398.335938
29804.658203
40551.515625
29804.660156
73048.781250
29804.640625
67805.296875
29804.714844
80084.312500
29804.664063
55347.496094
29804.667969
99198.914063
29804.701172
81405.828125
29804.724609
20158.242188
29804.681641
68195.187500
29804.681641
74866.273438
29804.654297
68268.054688
29804.648438
6826.185547
29804.666016
98299.578125
29804.671875
78693.406250
29804.642578
55115.019531
29804.710938
34400.929688
29804.720703
31174.183594
29804.662109
77652.171875
29804.718750
19829.470703
29804.683594
68635.843750
29804.638672
83957.781250
29804.642578
38699.382813
29804.658203
88005.281250
29804.634766
31290.607422
29804.634766
62664.714844
29804.650391
19484.503906
29804.689453
69860.187500
29804.722656
23216.800781
29804.646484
80998.851563
29804.636719
34447.695313
29804.675781
84024.687500
29804.650391
78064.398438
29804.693359
69068.515625
29804.681641
69123.429688
29804.671875
69181.078125
29804.750000
62447.609375
29804.695313
69306.460938
29804.714844
69379.312500
29804.638672
55307.960938
29804.634766
80038.140625
29804.669922
93600.609375
29804.833984
69529.507813
29804.712891
69589.265625
29804.673828
34216.246094
29804.712891
51757.000000
29804.646484
50435.441406
29804.714844
75413.500000
29804.708984
59030.304688
29804.638672
69960.062500
29804.830078
53430.195313
29804.640625
97972.023438
29804.636719
70150.000000
29804.761719
84904.140625
29804.644531
9042.693359
29804.662109
65872.382813
29804.662109
21344.031250
29804.695313
70425.742188
29804.685547
70471.468750
29804.646484
56016.562500
29804.642578
92158.921875
29804.724609
34045.960938
29804.638672
70597.906250
29804.638672
33788.992188
29804.634766
12583.373047
29804.830078
102999.414063
29804.693359
70830.484375
29804.650391
33392.523438
29804.736328
87175.421875
29804.667969
66354.273438
29804.666016
75573.421875
29804.673828
24541.507813
29804.644531
45856.722656
29804.644531
11807.863281
29804.689453
26325.351563
29804.638672
75953.062500
29804.636719
71324.687500
29804.701172
71395.867188
29804.652344
77790.734375
29804.640625
45224.593750
29804.650391
55735.144531
29804.689453
5884.894531
29804.681641
71633.921875
29804.662109
71662.164063
29804.648438
9961.582031
29804.666016
55692.468750
29804.652344
53113.476563
29804.642578
9083.378906
29804.634766
29501.595703
29804.693359
10452.559570
29804.763672
53396.480469
29804.638672
72033.937500
29804.783203
9052.109375
29804.650391
63069.703125
29804.650391
93471.984375
29804.673828
71803.359375
29804.685547
6045.982422
29804.646484
3855.401367
29804.636719
61747.421875
29804.714844
72383.812500
29804.705078
6191.612793
29804.654297
14656.216797
29804.658203
45192.347656
29804.638672
51759.417969
29804.636719
16075.835938
29804.650391
74500.562500
29804.679688
72720.734375
29804.667969
68616.218750
29804.650391
18479.121094
29804.648438
33469.664063
29804.777344
88730.468750
29804.650391
23624.492188
29804.662109
8990.003906
29804.634766
89594.585938
29804.755859
73065.593750
29804.638672
1843.476807
29804.671875
79947.937500
29804.638672
84709.632813
29804.679688
57974.710938
29804.646484
43366.984375
29804.726563
73330.484375
29804.798828
53511.347656
29804.685547
66555.109375
29804.759766
89139.953125
29804.644531
75841.453125
29804.673828
100339.875000
29804.654297
18737.968750
29804.718750
106173.171875
29804.714844
84098.695313
29804.671875
10291.726563
29804.664063
73940.617188
29804.742188
74030.734375
29804.767578
40980.949219
29804.732422
24503.562500
29804.662109
105326.484375
29804.736328
74327.687500
29804.728516
33986.476563
29804.652344
47315.906250
29804.683594
74550.796875
29804.714844
101137.875000
29804.671875
2303.799805
29804.683594
65996.671875
29804.675781
74721.765625
29804.646484
93357.226563
29804.634766
91925.859375
29804.666016
17331.507813
29804.652344
67011.734375
29804.654297
84284.718750
29804.699219
14581.929688
29804.718750
2553.135498
29804.730469
18111.261719
29804.689453
100046.625000
29804.681641
45300.914063
29804.777344
4584.116211
29804.679688
58787.554688
29804.658203
105082.156250
29804.652344
75262.187500
29804.634766
46151.910156
29804.662109
6300.393555
29804.730469
80724.781250
29804.662109
30099.152344
29804.867188
35281.195313
29804.636719
75496.578125
29804.656250
30442.728516
29804.636719
75603.140625
29804.642578
16789.654297
29804.646484
105157.859375
29804.667969
30776.152344
29804.679688
42007.886719
29804.654297
47813.273438
29804.636719
26650.568359
29804.646484
85445.968750
29804.648438
57236.339844
29804.652344
9528.673828
29804.652344
76105.046875
29804.652344
69053.843750
29804.683594
88860.976563
29804.660156
106173.742188
29804.656250
39665.945313
29804.642578
48289.015625
29804.652344
51017.625000
29804.658203
51689.718750
29804.712891
50673.718750
29804.652344
4286.636719
29804.648438
47854.851563
29804.646484
76823.593750
29804.683594
60902.343750
29804.666016
32969.617188
29804.638672
48941.515625
29804.708984
59050.480469
29804.642578
58696.816406
29804.685547
82302.281250
29804.779297
90956.140625
29804.699219
79636.406250
29804.666016
7003.393555
29804.648438
57710.390625
29804.781250
59638.843750
29804.636719
36495.363281
29804.656250
64663.601563
29804.734375
947.280396
29804.634766
46652.757813
29804.669922
52270.105469
29804.681641
99597.593750
29804.638672
87218.765625
29804.634766
77711.296875
29804.697266
48664.992188
29804.650391
54242.671875
29804.646484
86364.320313
29804.695313
3271.056152
29804.703125
87477.390625
29804.726563
64875.265625
29804.656250
78090.078125
29804.687500
28876.222656
29804.658203
64457.781250
29804.714844
78330.492188
29804.656250
78708.039063
29804.636719
73466.484375
29804.751953
91682.039063
29804.634766
10311.259766
29804.642578
24469.042969
29804.646484
34079.781250
29804.662109
53472.007813
29804.638672
68121.335938
29804.671875
31916.240234
29804.673828
86441.765625
29804.640625
12961.648438
29804.673828
61191.875000
29804.673828
50181.429688
29804.814453
74420.882813
29804.732422
59562.835938
29804.636719
40205.441406
29804.812500
59159.648438
29804.722656
69396.328125
29804.642578
19998.259766
29804.718750
34911.527344
29804.728516
79184.382813
29804.648438
71457.937500
29804.634766
84186.234375
29804.671875
79321.375000
29804.660156
35543.691406
29804.687500
17645.648438
29804.638672
63236.726563
29804.669922
33149.351563
29804.767578
79541.812500
29804.679688
61420.753906
29804.669922
66108.773438
29804.650391
33294.000000
29804.634766
101683.156250
29804.646484
105834.687500
29804.650391
12118.676758
29804.650391
17966.171875
29804.671875
79925.515625
29804.646484
67427.421875
29804.677734
23084.603516
29804.777344
10173.935547
29804.869141
105601.171875
29804.708984
53823.140625
29804.863281
70311.109375
29804.671875
68462.765625
29804.701172
25529.574219
29804.646484
48536.464844
29804.669922
100467.296875
29804.683594
80440.265625
29804.662109
101511.453125
29804.683594
70529.859375
29804.658203
80546.601563
29804.638672
42280.476563
29804.683594
56033.835938
29804.642578
10381.042969
29804.664063
33438.531250
29804.716797
80813.875000
29804.666016
99954.609375
29804.666016
80954.843750
29804.652344
63347.941406
29804.648438
54453.257813
29804.656250
72497.734375
29804.687500
18121.396484
29804.671875
81142.000000
29804.687500
23763.138672
29804.646484
23234.525391
29804.714844
81289.546875
29804.718750
11719.853516
29804.636719
33855.250000
29804.646484
81416.500000
29804.712891
41724.503906
29804.640625
1585.928345
29804.636719
26353.285156
29804.640625
13537.464844
29804.652344
101551.921875
29804.644531
13363.314453
29804.636719
25406.394531
29804.664063
7416.054688
29804.710938
94394.570313
29804.654297
93224.656250
29804.679688
4898.556641
29804.642578
12879.784180
29804.705078
2499.569336
29804.724609
51265.195313
29804.636719
37450.804688
29804.703125
82201.750000
29804.673828
35076.984375
29804.705078
63211.179688
29804.646484
95530.585938
29804.726563
26486.726563
29804.738281
73381.953125
29804.876953
82589.453125
29804.671875
28074.343750
29804.644531
7322.283203
29804.697266
102198.812500
29804.667969
55834.312500
29804.708984
66631.250000
29804.671875
82841.078125
29804.650391
45800.148438
29804.707031
16709.646484
29804.701172
103821.242188
29804.660156
18387.683594
29804.656250
5101.040039
29804.675781
34974.355469
29804.648438
88616.515625
29804.685547
30465.839844
29804.705078
13274.649414
29804.677734
1373.086914
29804.652344
76597.492188
29804.740234
83459.000000
29804.697266
83529.687500
29804.685547
60977.593750
29804.652344
83612.070313
29804.646484
4390.387207
29804.650391
83730.171875
29804.693359
25692.171875
29804.746094
20086.558594
29804.638672
92391.718750
29804.750000
21191.701172
29804.652344
28965.843750
29804.662109
88007.109375
29804.644531
40761.250000
29804.730469
57737.714844
29804.640625
59082.062500
29804.640625
28750.976563
29804.714844
43891.648438
29804.650391
5132.238770
29804.730469
27419.773438
29804.705078
84428.929688
29804.689453
34122.835938
29804.724609
98253.671875
29804.634766
76530.046875
29804.646484
6089.270508
29804.638672
361.272736
29804.681641
19619.253906
29804.675781
14910.623047
29804.640625
67589.703125
29804.660156
26778.113281
29804.675781
17595.007813
29804.681641
56715.777344
29804.675781
5980.980469
29804.662109
85184.515625
29804.671875
72950.296875
29804.718750
90700.281250
29804.703125
12201.888672
29804.636719
22142.566406
29804.732422
16097.937500
29804.658203
20089.207031
29804.634766
85512.968750
29804.662109
72045.531250
29804.761719
79260.234375
29804.652344
88599.171875
29804.681641
40244.273438
29804.742188
37509.343750
29804.738281
20334.527344
29804.667969
24027.451172
29804.714844
27745.582031
29804.707031
103608.781250
29804.666016
44012.507813
29804.726563
86027.171875
29804.652344
27497.371094
29804.759766
8748.693359
29804.681641
101862.828125
29804.701172
17429.949219
29804.724609
16630.199219
29804.693359
86432.796875
29804.638672
18048.753906
29804.664063
49198.281250
29804.689453
86517.593750
29804.679688
500.492554
29804.806641
86612.203125
29804.658203
3896.462402
29804.671875
97731.078125
29804.636719
100254.671875
29804.681641
77936.718750
29804.685547
29699.419922
29804.689453
86959.656250
29804.693359
20377.869141
29804.646484
64339.625000
29804.664063
41646.031250
29804.636719
65032.515625
29804.701172
35172.011719
29804.705078
87736.250000
29804.689453
6918.287598
29804.728516
87264.250000
29804.666016
97626.617188
29804.636719
51966.562500
29804.662109
87383.000000
29804.634766
44401.812500
29804.691406
102.773552
29804.673828
5662.987793
29804.679688
3058.501221
29804.787109
87646.781250
29804.669922
106082.609375
29804.638672
83185.406250
29804.726563
40506.683594
29804.644531
87844.187500
29804.683594
87910.187500
29804.642578
39248.003906
29804.718750
74268.984375
29804.669922
62373.593750
29804.664063
65392.542969
29804.687500
91562.773438
29804.644531
88118.539063
29804.650391
91029.468750
29804.660156
50855.402344
29804.736328
95957.421875
29804.634766
92695.125000
29804.687500
9719.113281
29804.650391
88436.078125
29804.656250
31795.707031
29804.703125
60059.742188
29804.638672
88542.109375
29804.638672
64551.156250
29804.728516
1004.316467
29804.673828
88315.375000
29804.708984
40722.007813
29804.658203
3827.292480
29804.777344
9547.903320
29804.656250
6683.326660
29804.669922
99558.062500
29804.644531
88914.843750
29804.636719
89021.007813
29804.650391
10130.658203
29804.738281
23686.425781
29804.642578
56086.468750
29804.712891
105471.875000
29804.794922
88923.726563
29804.634766
89072.859375
29804.660156
26097.585938
29804.650391
82145.484375
29804.810547
93292.125000
29804.724609
75152.125000
29804.636719
52601.437500
29804.656250
31448.023438
29804.710938
48615.492188
29804.707031
76951.906250
29804.695313
42208.718750
29804.691406
41438.445313
29804.734375
2133.450928
29804.634766
81649.031250
29804.648438
43301.796875
29804.658203
36947.390625
29804.693359
94455.000000
29804.673828
90572.078125
29804.648438
89839.859375
29804.689453
89892.031250
29804.642578
89919.796875
29804.640625
67850.296875
29804.687500
26017.519531
29804.638672
20517.687500
29804.656250
54379.617188
29804.666016
7279.054688
29804.638672
104572.796875
29804.753906
90275.531250
29804.689453
90357.570313
29804.710938
52533.582031
29804.669922
62944.621094
29804.857422
85970.554688
29804.646484
93551.765625
29804.718750
98696.125000
29804.644531
47833.019531
29804.640625
29180.255859
29804.693359
15011.078125
29804.642578
90822.734375
29804.720703
73057.093750
29804.644531
89461.187500
29804.650391
54527.652344
29804.660156
38905.453125
29804.675781
91089.828125
29804.648438
91118.281250
29804.683594
86196.406250
29804.664063
260.996521
29804.650391
91344.656250
29804.685547
91394.515625
29804.773438
81555.953125
29804.634766
78805.968750
29804.640625
71014.960938
29804.654297
50142.140625
29804.839844
76746.812500
29804.669922
97058.546875
29804.775391
91735.218750
29804.640625
91803.187500
29804.677734
91840.312500
29804.662109
8700.663086
29804.763672
16560.843750
29804.636719
91931.484375
29804.675781
67477.765625
29804.775391
81763.093750
29804.658203
95661.156250
29804.849609
45915.558594
29804.646484
17119.201172
29804.685547
77918.953125
29804.667969
21252.802734
29804.691406
96775.265625
29804.705078
17720.144531
29804.656250
21055.441406
29804.634766
92571.031250
29804.656250
4856.120117
29804.671875
84978.515625
29804.681641
55446.500000
29804.642578
18501.355469
29804.812500
61907.960938
29804.656250
45112.652344
29804.675781
45172.253906
29804.640625
75141.273438
29804.636719
89660.929688
29804.654297
72244.656250
29804.634766
15793.414063
29804.707031
96382.468750
29804.636719
25340.957031
29804.636719
101015.171875
29804.708984
73719.312500
29804.695313
11188.054688
29804.726563
93462.890625
29804.662109
99720.984375
29804.642578
7749.504883
29804.701172
62710.093750
29804.669922
93705.054688
29804.671875
93765.593750
29804.708984
17218.687500
29804.677734
93932.343750
29804.738281
103384.921875
29804.640625
94016.484375
29804.716797
94093.312500
29804.753906
94149.062500
29804.787109
85426.937500
29804.642578
41173.296875
29804.662109
43282.609375
29804.642578
34161.066406
29804.638672
48317.273438
29804.640625
35252.125000
29804.650391
27928.441406
29804.644531
103872.382813
29804.679688
98391.609375
29804.644531
99616.562500
29804.634766
26152.792969
29804.703125
27585.533203
29804.771484
68862.468750
29804.646484
14128.687500
29804.662109
106261.453125
29804.662109
13395.240234
29804.669922
95288.289063
29804.763672
91442.195313
29804.826172
95491.812500
29804.726563
71721.437500
29804.664063
95599.250000
29804.759766
10831.078125
29804.638672
25051.742188
29804.642578
86886.460938
29804.835938
95738.929688
29804.761719
43752.246094
29804.644531
6195.713867
29804.638672
69466.796875
29804.662109
93478.953125
29804.660156
103433.109375
29804.683594
27105.693359
29804.679688
1605.545898
29804.638672
80764.179688
29804.646484
28487.015625
29804.638672
54312.015625
29804.636719
75343.812500
29804.666016
23821.882813
29804.667969
28430.472656
29804.683594
57205.898438
29804.634766
93935.281250
29804.689453
7826.845703
29804.656250
59861.671875
29804.636719
25562.355469
29804.695313
24597.800781
29804.638672
33935.585938
29804.654297
73782.351563
29804.650391
92450.585938
29804.660156
102650.531250
29804.718750
22828.734375
29804.662109
79105.312500
29804.701172
25986.511719
29804.667969
47609.125000
29804.654297
79478.515625
29804.667969
51670.875000
29804.634766
32891.453125
29804.638672
60527.343750
29804.644531
38167.433594
29804.671875
64383.679688
29804.689453
85994.203125
29804.634766
97549.414063
29804.708984
45842.851563
29804.650391
37172.945313
29804.753906
59688.074219
29804.652344
81619.125000
29804.636719
88871.546875
29804.667969
103644.843750
29804.675781
43094.093750
29804.634766
1452.342529
29804.634766
106068.046875
29804.884766
104037.984375
29804.658203
53943.125000
29804.652344
91677.234375
29804.642578
64806.039063
29804.664063
9249.814453
29804.738281
99673.781250
29804.652344
56316.625000
29804.656250
58466.632813
29804.652344
45251.074219
29804.681641
91055.500000
29804.642578
45627.375000
29804.660156
25143.126953
29804.658203
51126.414063
29804.675781
102745.625000
29804.685547
5951.524414
29804.673828
98669.945313
29804.658203
95018.718750
29804.681641
47965.359375
29804.656250
98819.296875
29804.716797
4749.520508
29804.703125
79142.960938
29804.697266
17640.210938
29804.636719
54797.796875
29804.708984
50610.027344
29804.705078
99114.031250
29804.693359
49107.070313
29804.667969
20754.601563
29804.683594
70845.414063
29804.662109
71421.234375
29804.671875
50027.679688
29804.669922
99437.609375
29804.671875
13353.267578
29804.666016
23708.550781
29804.654297
5367.056152
29804.654297
94828.304688
29804.771484
75452.781250
29804.687500
2468.272461
29804.771484
40306.054688
29804.669922
12162.667969
29804.666016
39372.484375
29804.664063
88932.664063
29804.634766
53188.531250
29804.681641
87609.015625
29804.638672
98224.703125
29804.654297
83900.859375
29804.673828
100139.953125
29804.640625
100153.468750
29804.640625
36204.035156
29804.644531
43977.085938
29804.642578
26399.902344
29804.705078
59844.867188
29804.636719
48319.445313
29804.675781
100381.640625
29804.638672
37528.195313
29804.714844
67121.968750
29804.691406
27714.378906
29804.724609
30413.640625
29804.675781
2958.687500
29804.648438
99795.460938
29804.634766
33696.746094
29804.634766
46210.792969
29804.714844
66078.562500
29804.662109
100874.320313
29804.689453
84880.671875
29804.646484
88096.234375
29804.646484
76264.507813
29804.697266
51791.476563
29804.636719
101217.687500
29804.660156
6103.592773
29804.636719
59532.445313
29804.652344
57834.726563
29804.722656
81162.687500
29804.675781
99008.250000
29804.669922
95080.343750
29804.687500
83346.906250
29804.689453
24118.117188
29804.697266
1350.486572
29804.644531
22394.064453
29804.669922
70104.414063
29804.699219
66183.335938
29804.634766
101799.984375
29804.667969
27187.546875
29804.714844
101885.742188
29804.681641
59599.558594
29804.648438
53051.394531
29804.707031
102050.367188
29804.660156
17640.296875
29804.638672
34675.710938
29804.689453
36085.035156
29804.669922
66305.156250
29804.640625
80551.054688
29804.636719
7956.900391
29804.699219
76541.187500
29804.656250
97981.125000
29804.636719
104175.671875
29804.787109
13413.288086
29804.667969
36438.824219
29804.759766
96835.796875
29804.775391
15353.743164
29804.677734
8830.158203
29804.712891
102773.640625
29804.720703
6020.839844
29804.638672
9845.769531
29804.677734
70778.500000
29804.646484
19151.373047
29804.685547
2723.323730
29804.652344
24854.511719
29804.671875
76450.750000
29804.740234
103327.937500
29804.697266
93969.906250
29804.691406
43015.968750
29804.656250
56221.292969
29804.685547
103559.281250
29804.679688
79021.765625
29804.646484
99259.843750
29804.804688
1918.687378
29804.720703
42715.824219
29804.634766
24227.867188
29804.701172
102182.304688
29804.658203
90208.828125
29804.707031
103914.687500
29804.673828
103946.796875
29804.642578
101264.109375
29804.726563
66505.875000
29804.812500
79841.257813
29804.634766
104097.984375
29804.667969
92924.164063
29804.658203
52486.343750
29804.644531
28131.437500
29804.681641
67326.679688
29804.681641
39411.359375
29804.669922
8944.867188
29804.644531
81442.015625
29804.695313
52870.078125
29804.736328
39182.460938
29804.677734
14230.992188
29804.654297
41736.390625
29804.689453
10401.525391
29804.667969
43067.796875
29804.646484
47377.460938
29804.740234
105003.875000
29804.785156
45626.242188
29804.636719
105134.187500
29804.724609
72437.710938
29804.646484
61543.664063
29804.681641
99030.078125
29804.654297
13636.949219
29804.638672
40946.953125
29804.707031
56362.625000
29804.716797
81007.179688
29804.636719
78566.546875
29804.679688
105647.492188
29804.669922
105660.156250
29804.666016
105728.132813
29804.669922
105774.750000
29804.652344
33371.164063
29804.738281
27010.972656
29804.648438
105933.875000
29804.652344
105995.593750
29804.712891
11966.347656
29804.666016
75416.304688
29804.710938
69418.812500
29804.648438
47703.828125
29804.687500
71496.203125
29804.648438
106362.359375
29804.666016
96392.984375
29804.642578
14799.698242
29804.683594
4546.228516
29804.724609
69817.843750
29804.654297
61835.273438
29804.667969
50596.914063
29804.734375
11293.245117
29804.697266
37636.296875
29804.669922
88786.921875
29804.654297
7536.583984
29804.718750
20805.835938
29804.724609
104461.578125
29804.666016
90939.125000
29804.634766
23577.511719
29804.671875
73107.515625
29804.679688
36008.554688
29804.658203
57962.828125
29804.736328
48593.648438
29804.671875
12174.886719
29804.654297
59526.847656
29804.656250
44826.281250
29804.634766
68809.171875
29804.687500
89107.203125
29804.638672
90646.296875
29804.673828
96463.250000
29804.650391
90365.429688
29804.634766
71576.343750
29804.636719
99414.281250
29804.660156
85116.281250
29804.652344
99501.039063
29804.685547
31344.095703
29804.660156
78005.453125
29804.726563
102181.968750
29804.654297
104495.046875
29804.724609
96502.031250
29804.669922
79363.796875
29804.642578
29646.140625
29804.642578
13931.794922
29804.734375
16586.712891
29804.750000
75694.375000
29804.679688
101669.367188
29804.650391
88183.101563
29804.664063
50911.878906
29804.779297
62758.757813
29804.742188
96431.640625
29804.634766
15392.435547
29804.699219
90933.460938
29804.660156
18329.759766
29804.662109
20302.197266
29804.654297
97007.320313
29804.769531
59465.875000
29804.636719
22749.863281
29804.656250
8279.296875
29804.742188
5470.367676
29804.679688
92067.703125
29804.646484
5300.710449
29804.636719
40399.167969
29804.671875
42750.234375
29804.646484
85307.640625
29804.652344
78096.859375
29804.650391
64176.093750
29804.824219
683.417542
29804.636719
101593.359375
29804.687500
69709.460938
29804.738281
3674.824219
29804.648438
21829.775391
29804.666016
39612.460938
29804.634766
90538.406250
29804.642578
3598.673096
29804.691406
6377.431152
29804.697266
8913.857422
29804.636719
32635.046875
29804.699219
11896.011719
29804.695313
87420.710938
29804.654297
57346.640625
29804.726563
12755.505859
29804.656250
2031.689209
29804.687500
3452.622314
29804.636719
47423.046875
29804.722656
77841.257813
29804.662109
55890.812500
29804.644531
77456.250000
29804.691406
93122.226563
29804.701172
3493.885254
29804.654297
42351.015625
29804.634766
87129.132813
29804.681641
72726.578125
29804.673828
9084.805664
29804.667969
2961.221191
29804.636719
29606.298828
29804.673828
38534.156250
29804.652344
29472.654297
29804.667969
55797.796875
29804.652344
39599.148438
29804.683594
31189.955078
29804.640625
55042.023438
29804.667969
39474.812500
29804.652344
66148.796875
29804.642578
59468.882813
29804.634766
42021.753906
29804.669922
24470.802734
29804.634766
84843.250000
29804.640625
61673.812500
29804.669922
45516.976563
29804.640625
95875.093750
29804.652344
43881.703125
29804.638672
49511.882813
29804.673828
82081.687500
29804.732422
62368.500000
29804.662109
14164.794922
29804.642578
85369.109375
29804.636719
32805.789063
29804.638672
39976.554688
29804.810547
58251.039063
29804.658203
11644.557617
29804.714844
93173.046875
29804.712891
54235.164063
29804.667969
106249.437500
29804.634766
100310.109375
29804.634766
79915.382813
29804.640625
51646.609375
29804.654297
89844.343750
29804.652344
73013.000000
29804.662109
28513.207031
29804.673828
28704.851563
29804.691406
822.301453
29804.753906
72578.210938
29804.662109
86991.460938
29804.646484
77104.554688
29804.654297
37613.093750
29804.636719
4368.271973
29804.648438
27897.146484
29804.664063
4652.668945
29804.642578
72086.187500
29804.705078
26245.964844
29804.734375
77211.140625
29804.673828
8401.673828
29804.666016
22187.750000
29804.669922
94514.078125
29804.736328
44887.210938
29804.644531
82791.617188
29804.636719
75800.000000
29804.732422
15061.673828
29804.710938
90383.320313
29804.681641
6567.215820
29804.666016
33679.585938
29804.720703
81230.726563
29804.650391
103321.015625
29804.656250
51366.675781
29804.677734
12514.416016
29804.634766
88589.562500
29804.636719
43699.546875
29804.638672
71240.578125
29804.673828
57279.226563
29804.697266
11599.302734
29804.658203
56539.851563
29804.662109
86264.656250
29804.652344
21635.523438
29804.708984
96415.625000
29804.652344
27609.710938
29804.832031
31636.078125
29804.646484
10011.748047
29804.744141
82992.945313
29804.636719
38630.312500
29804.703125
95982.390625
29804.646484
16868.531250
29804.656250
54019.226563
29804.751953
72831.484375
29804.648438
2849.264160
29804.695313
31285.630859
29804.667969
7054.199707
29804.673828
32955.957031
29804.634766
87388.625000
29804.636719
68555.117188
29804.722656
21223.439453
29804.634766
82972.234375
29804.636719
51234.609375
29804.652344
49905.859375
29804.662109
68319.390625
29804.705078
58112.242188
29804.677734
91043.921875
29804.648438
41318.210938
29804.648438
38331.917969
29804.675781
65819.468750
29804.646484
15205.707031
29804.781250
25842.789063
29804.683594
14746.343750
29804.636719
17628.847656
29804.644531
23873.285156
29804.656250
64213.968750
29804.791016
24946.671875
29804.763672
99729.093750
29804.634766
49998.804688
29804.636719
33141.906250
29804.646484
28279.277344
29804.640625
1194.992432
29804.697266
69907.890625
29804.775391
100940.250000
29804.751953
79764.921875
29804.664063
60640.671875
29804.669922
65913.484375
29804.646484
63478.257813
29804.687500
54096.117188
29804.748047
95989.875000
29804.652344
5808.347656
29804.666016
102933.156250
29804.656250
25499.074219
29804.638672
63161.664063
29804.648438
14883.564453
29804.666016
52687.042969
29804.677734
65772.515625
29804.650391
12689.187500
29804.726563
104700.953125
29804.767578
40325.289063
29804.658203
78175.859375
29804.677734
37390.382813
29804.634766
66229.554688
29804.666016
105510.546875
29804.718750
23311.980469
29804.640625
16460.291016
29804.724609
71562.281250
29804.679688
100411.609375
29804.650391
64558.500000
29804.640625
40383.890625
29804.662109
48799.199219
29804.699219
18325.958984
29804.666016
56380.593750
29804.683594
47301.257813
29804.677734
49071.234375
29804.636719
19156.392578
29804.671875
18630.281250
29804.667969
5578.567871
29804.648438
97946.875000
29804.646484
24804.517578
29804.640625
103765.687500
29804.683594
6875.909180
29804.710938
102517.281250
29804.689453
76653.468750
29804.685547
1666.166992
29804.648438
84868.734375
29804.648438
81502.023438
29804.683594
23428.572266
29804.636719
13750.378906
29804.689453
100301.921875
29804.658203
60199.707031
29804.710938
89028.546875
29804.636719
77570.906250
29804.750000
58982.914063
29804.656250
26569.818359
29804.658203
70562.609375
29804.675781
42519.753906
29804.642578
51316.515625
29804.638672
74188.609375
29804.673828
94620.187500
29804.812500
54349.835938
29804.640625
78617.664063
29804.775391
30921.384766
29804.716797
56211.734375
29804.634766
89659.093750
29804.826172
59912.398438
29804.654297
100175.101563
29804.636719
45160.503906
29804.640625
37031.031250
29804.707031
4212.778320
29804.660156
16838.791016
29804.667969
88521.343750
29804.636719
66874.156250
29804.685547
96017.929688
29804.679688
1993.873047
29804.742188
5699.779297
29804.644531
80139.062500
29804.673828
60693.878906
29804.642578
102108.562500
29804.652344
5359.592773
29804.679688
6174.816406
29804.652344
75211.468750
29804.648438
48165.960938
29804.666016
89187.796875
29804.667969
13695.779297
29804.660156
49796.535156
29804.734375
39025.429688
29804.638672
52918.109375
29804.634766
48002.457031
29804.650391
35442.527344
29804.648438
18845.457031
29804.673828
51204.820313
29804.646484
71905.109375
29804.847656
35884.496094
29804.662109
54952.109375
29804.662109
15588.056641
29804.640625
44500.839844
29804.634766
5142.812012
29804.718750
1477.749023
29804.636719
4109.095215
29804.650391
13375.126953
29804.677734
97812.500000
29804.669922
70715.953125
29804.664063
5964.314941
29804.664063
54600.308594
29804.642578
81804.703125
29804.685547
58250.148438
29804.636719
48327.085938
29804.636719
4091.800049
29804.669922
36369.734375
29804.724609
79931.187500
29804.646484
53218.382813
29804.644531
45729.605469
29804.728516
17386.671875
29804.652344
22286.250000
29804.728516
43766.320313
29804.636719
41790.257813
29804.822266
43166.683594
29804.707031
79525.171875
29804.642578
98911.140625
29804.648438
81010.085938
29804.636719
70361.796875
29804.701172
1872.119629
29804.667969
60442.476563
29804.664063
3140.464111
29804.646484
87797.750000
29804.642578
58393.062500
29804.681641
12617.980469
29804.634766
53305.437500
29804.652344
105201.921875
29804.687500
60939.898438
29804.650391
22722.628906
29804.654297
658.687134
29804.640625
67118.031250
29804.636719
13226.445313
29804.669922
100207.187500
29804.654297
18161.824219
29804.640625
41640.789063
29804.634766
24243.509766
29804.697266
8897.745117
29804.638672
97960.601563
29804.640625
49161.316406
29804.646484
53127.289063
29804.646484
17112.160156
29804.671875
99883.132813
29804.683594
42667.281250
29804.638672
88946.312500
29804.638672
62569.601563
29804.640625
37254.894531
29804.638672
57433.164063
29804.634766
87000.601563
29804.667969
89487.523438
29804.644531
49276.976563
29804.777344
51120.375000
29804.669922
29047.000000
29804.654297
58969.808594
29804.636719
68212.031250
29804.662109
43195.671875
29804.669922
97232.937500
29804.642578
715.354980
29804.685547
11759.455078
29804.640625
32747.875000
29804.697266
42049.097656
29804.687500
5630.682617
29804.656250
