1000
18483.519531
4687.583496
32.651752
2345.019287
14483.576172
2345.058838
2215.740234
2344.852783
6795.830078
2344.808838
6464.990234
2345.222412
286.954742
2345.662109
1280.172119
2345.495117
11941.887695
2348.008301
7706.964844
2344.792480
488.048553
2345.316895
555.037170
2345.614746
4513.903320
2344.846680
7882.000000
2345.854736
11786.326172
2344.944092
9049.474609
2345.445313
12665.919922
2345.055664
10679.648438
2345.174805
2369.037598
2345.230957
2270.682129
2344.861816
983.524536
2344.899658
7983.243164
2344.846680
4251.546875
2345.374512
1125.048218
2347.528809
8925.544922
2345.000244
12060.095703
2344.994629
6230.942383
2344.819580
10099.395508
2345.080078
8451.731445
2344.796875
11259.748047
2345.350830
17307.218750
2344.792725
10755.515625
2345.278320
6359.263672
2345.000977
15335.129883
2344.796143
13123.099609
2344.806885
12163.771484
2344.809570
1096.042114
2345.173096
945.303589
2345.559570
8183.019531
2345.728516
9139.007813
2346.554932
11317.306641
2344.867676
16210.716797
2345.626953
11735.867188
2344.841309
6541.920898
2345.056396
17270.421875
2345.380127
1461.565063
2344.825439
7429.122070
2345.051270
2254.705566
2345.170166
15529.050781
2344.810547
4497.797852
2345.599121
15252.988281
2345.020508
4332.250977
2344.795410
1173.686768
2344.869873
14960.000000
2346.531494
5521.037109
2344.802490
12518.268555
2344.906250
2636.322021
2345.084961
156.584198
2344.823486
8339.589844
2345.758057
2734.259521
2345.445313
2820.823242
2345.602051
2857.071777
2345.542969
2929.324707
2345.210449
17731.824219
2345.314453
6482.495117
2345.025635
3126.999268
2345.125244
14394.081055
2344.799316
15463.208984
2345.497314
14217.393555
2345.751953
6774.312012
2344.793213
9504.474609
2345.009033
15850.925781
2345.169189
7172.625488
2344.791748
1475.773926
2345.414795
2998.736084
2345.355713
6590.593262
2344.830566
15251.894531
2345.062988
15072.248047
2345.098633
661.629089
2345.335693
11351.400391
2345.375244
7808.043945
2345.323730
2462.152100
2345.124512
2615.765869
2344.791992
11317.009766
2345.104736
6232.729492
2344.853027
15639.666016
2345.501221
18325.851563
2345.054688
4308.968750
2344.823975
9969.360352
2345.544922
1222.519775
2345.720947
16483.671875
2344.794678
4422.793457
2345.284180
2538.769043
2344.794678
6719.308594
2344.797363
7471.413086
2346.005859
7105.559570
2345.491211
15835.155273
2345.014160
17174.125000
2345.251221
15155.382813
2345.235840
13786.011719
2345.182617
13640.637695
2344.918701
2894.407715
2344.802002
7030.935059
2345.181885
11009.007813
2345.583252
8793.615234
2344.923096
865.175110
2345.153809
14084.546875
2344.894287
11439.771484
2344.864502
5442.371094
2345.665283
1256.828369
2345.572021
4636.568359
2345.239014
6692.860352
2345.193604
5854.710938
2344.994873
3133.939453
2344.794189
520.828552
2344.796143
4249.012695
2344.792480
11293.570313
2345.008545
6920.102539
2345.892578
13256.634766
2344.883301
2947.248535
2344.850342
6155.396484
2345.128662
776.685181
2345.063477
6198.901367
2344.794922
12306.190430
2345.201904
4333.394043
2344.798096
3193.725586
2344.841553
6787.369141
2344.807617
10795.134766
2345.044922
3553.967285
2345.368896
6175.495117
2344.916992
13085.592773
2345.326416
9860.337891
2344.982666
6566.210449
2344.842285
9811.173828
2345.109131
11613.515625
2345.173828
1434.056519
2345.481201
3253.390137
2345.402588
6726.350098
2344.848633
13407.069336
2344.900635
6764.923828
2344.836914
16794.292969
2344.831299
13756.585938
2345.527832
14101.107422
2346.166016
17597.855469
2344.818848
6772.061523
2344.794922
16363.300781
2346.267578
11766.529297
2345.252441
11497.556641
2345.027100
4230.960938
2345.050537
113.770599
2345.396729
11541.452148
2345.137451
16276.888672
2346.180664
7201.591797
2345.167236
7248.933594
2345.385742
18260.171875
2344.881348
9790.820313
2344.836914
16615.216797
2344.841553
5616.635254
2344.867676
6306.031738
2344.961182
759.950439
2345.254395
7673.477539
2344.843506
14347.833984
2345.118408
12984.881836
2345.777100
12536.457031
2346.000977
16520.757813
2345.120117
2483.519531
2345.531982
6481.886719
2345.044922
18189.597656
2345.211426
2892.382813
2344.873779
10941.318359
2344.799072
6168.855469
2344.976563
16274.225586
2345.214355
9346.379883
2345.858643
13521.765625
2345.132080
7452.445313
2344.794922
3125.959961
2344.814941
2440.042236
2344.855713
3706.445801
2345.822266
11324.337891
2344.945068
18303.429688
2344.811279
6592.260254
2344.852539
8857.036133
2344.983154
12458.785156
2344.915039
15529.074219
2345.427734
6202.290039
2344.791748
17329.015625
2345.052002
14586.972656
2344.827881
6787.056152
2344.813721
15583.728516
2344.995850
9661.169922
2346.056885
3374.430420
2344.863281
18306.625000
2344.827881
9380.065430
2345.331055
6899.574219
2345.364502
18437.121094
2345.072998
14103.451172
2345.473389
13577.207031
2345.141846
12401.869141
2345.156494
9700.750000
2345.453369
1915.124268
2345.173584
8141.073242
2344.842041
12455.740234
2345.564453
14895.283203
2345.256592
8035.473145
2344.882324
16080.619141
2345.267822
792.928223
2344.791748
10275.136719
2344.830322
691.440552
2344.859619
1686.437622
2346.606934
10139.164063
2345.271240
14580.262695
2345.100342
16253.092773
2345.727783
8969.609375
2345.300781
3969.182129
2345.906494
16091.757813
2345.357178
10881.805664
2345.411377
10538.270508
2346.089844
17585.500000
2344.793701
9247.167969
2344.962646
463.153015
2345.820313
10796.529297
2345.583008
1070.152832
2346.363525
10459.068359
2345.731689
12093.321289
2344.960205
10979.845703
2345.213379
5129.790039
2345.406494
17679.531250
2345.151855
11521.994141
2344.792725
13664.412109
2344.871094
6779.235352
2344.793701
16220.953125
2344.897949
838.646118
2345.103271
2291.447754
2345.361084
11272.803711
2345.116699
5990.406250
2345.066162
4125.455566
2345.022705
6209.689453
2344.803223
1626.289307
2345.526855
11219.365234
2344.842529
5705.617188
2344.987061
7070.897461
2344.965576
7410.601074
2345.113037
635.803955
2344.863037
11604.042969
2345.738525
7531.683105
2345.232910
3437.980469
2345.314697
2326.598389
2344.859131
6771.953613
2344.799561
5196.403809
2344.855957
11417.681641
2345.080322
6399.402344
2344.808838
17755.136719
2344.809570
5086.262695
2344.793945
12548.628906
2345.227539
14417.308594
2344.978271
17813.753906
2345.953613
12310.134766
2345.380127
8027.439453
2344.970459
82.307701
2344.876221
2218.736816
2344.883545
8000.973633
2346.880615
10076.942383
2344.873779
10095.298828
2345.142578
12677.566406
2345.330322
17873.384766
2344.892090
12814.644531
2345.711182
12918.033203
2345.119873
3686.179688
2346.215332
8188.509766
2345.839355
16011.330078
2344.972656
12659.380859
2345.270020
13210.421875
2345.026611
13848.702148
2344.798584
7800.585938
2345.123047
6865.833008
2344.895508
12583.767578
2344.870605
10853.607422
2344.792480
18453.414063
2344.985107
12347.927734
2344.991455
2513.650635
2345.481934
13485.550781
2345.101318
7728.803223
2345.070313
17173.906250
2345.244141
14444.750000
2344.819824
2404.114258
2344.792236
15574.547852
2345.128906
11417.669922
2344.903320
790.627319
2344.978271
17869.460938
2344.814941
3392.841309
2345.409180
6229.206055
2344.828125
15561.312500
2345.397461
630.670105
2344.872559
2719.212891
2345.536621
957.263611
2345.042969
1277.844849
2345.497314
15454.332031
2344.800293
3495.244873
2344.897217
2145.322266
2344.930176
7109.322754
2345.179688
8454.655273
2345.348389
17100.445313
2345.139160
15588.037109
2344.919434
14554.845703
2344.990234
7252.621094
2344.797607
14630.091797
2344.833984
6786.392578
2344.810791
10720.529297
2344.809814
12165.411133
2344.879395
9890.310547
2345.682129
9739.742188
2344.802246
2676.557617
2345.039795
15026.868164
2344.961426
2610.651367
2344.802734
12929.628906
2344.821533
17969.923828
2344.842285
13515.394531
2344.923340
1767.307861
2345.748535
8152.316406
2346.393066
5457.938477
2344.791992
5475.499023
2345.080078
17901.957031
2345.008789
9065.570313
2345.315430
5308.231445
2344.791748
4324.010254
2344.809082
15700.129883
2344.803955
9022.534180
2344.845215
1565.971924
2345.184326
11452.873047
2344.801758
1847.496826
2344.794434
8042.254883
2346.102295
1281.536987
2344.810059
11015.931641
2345.268066
16118.869141
2345.106201
12599.568359
2345.476318
16846.890625
2344.837646
6192.043457
2344.795166
6081.675781
2344.854492
10562.480469
2345.169922
17587.990234
2344.791748
10476.949219
2344.956543
18292.953125
2344.797607
16958.664063
2345.249023
16644.791016
2345.536621
4759.769531
2344.794678
16751.839844
2345.374023
4133.405273
2344.792969
6364.671875
2344.811523
11209.525391
2344.850830
6072.060059
2344.797607
6750.593262
2344.840820
2961.891602
2344.794189
17057.751953
2345.270508
17442.390625
2345.118896
14040.478516
2345.287354
9752.544922
2344.881348
2057.225830
2344.791992
17464.835938
2345.253418
17395.792969
2345.386719
13823.437500
2345.386230
17528.179688
2345.556885
6794.664551
2344.807861
15056.396484
2344.806885
15917.449219
2345.520996
15789.528320
2344.865723
17197.708984
2344.819580
11255.581055
2345.301270
14571.083984
2344.888428
8098.038086
2344.822510
10314.925781
2344.991455
13249.536133
2344.798584
9003.378906
2345.054443
13685.128906
2344.802246
14517.863281
2344.793213
7184.953125
2344.825439
6582.876953
2344.792480
15241.376953
2344.884277
11476.580078
2344.850342
12290.306641
2345.089111
375.198975
2345.496094
3286.032227
2344.881348
9282.275391
2345.031982
9604.166016
2345.145020
15747.949219
2344.969971
15297.270508
2344.820557
14009.356445
2345.155273
7225.230469
2344.803223
13154.835938
2344.983887
8801.806641
2344.945557
18021.675781
2344.905518
807.802490
2344.805176
6254.800781
2345.355469
14674.916016
2345.037354
9153.527344
2345.166016
13514.616211
2345.023193
2240.649414
2345.108398
14741.658203
2345.198730
8788.228516
2344.798340
12639.279297
2344.806641
13812.007813
2346.204102
12301.929688
2344.848389
6433.291992
2345.006104
4571.837891
2345.895508
6189.469238
2344.791748
3012.056396
2346.746338
10538.070313
2344.863037
16480.017578
2344.847412
2051.561523
2345.891602
13177.660156
2344.804199
6579.153320
2344.926514
9941.771484
2345.027832
2214.056396
2344.822021
10713.443359
2346.002441
6145.147949
2344.871338
2025.348877
2346.186035
106.954735
2345.253662
10344.985352
2344.791748
1741.120361
2347.138916
15857.337891
2344.815186
7633.951172
2345.398926
9455.642578
2345.038818
13777.121094
2345.932373
10935.644531
2344.791748
14264.134766
2344.797363
9942.205078
2345.043213
8440.101563
2345.605713
7160.242188
2345.132813
16869.988281
2345.554932
9579.288086
2344.792480
16858.613281
2345.615967
15830.099609
2344.890625
6521.528320
2345.300049
2216.582275
2344.880615
16350.673828
2344.955811
17041.519531
2344.872559
2248.299316
2344.892578
7297.299805
2345.040283
16037.628906
2344.796631
4315.314941
2344.854492
8631.808594
2345.093018
14273.273438
2344.951904
1942.863281
2344.961914
13072.005859
2344.818115
906.657715
2344.835938
2998.184082
2345.712646
17054.244141
2344.937256
2438.681641
2344.800293
5589.907715
2345.397217
15502.455078
2344.796387
14835.771484
2345.217773
15300.105469
2344.794434
11764.609375
2344.791992
4135.444336
2344.791992
1956.910645
2344.832275
13349.183594
2344.925293
16773.970703
2344.818115
7467.443359
2344.911133
3068.213623
2346.558105
17924.804688
2345.734863
4772.682617
2345.016357
6841.224609
2345.395264
9077.386719
2345.072266
15700.339844
2344.792969
9158.029297
2346.315430
18375.929688
2345.910400
15515.308594
2345.212158
2091.241943
2345.221924
6026.231445
2345.238770
5957.384766
2344.791748
11050.395508
2344.811768
4212.138672
2344.792725
14898.363281
2345.000000
17227.164063
2344.836914
17453.234375
2344.799561
6894.787109
2345.451904
7085.322754
2344.868652
1194.003906
2346.013428
3334.431152
2345.461914
8209.231445
2345.301025
13068.904297
2345.125977
12214.220703
2345.147949
8434.054688
2344.941162
6511.131836
2344.793457
11144.724609
2344.962402
9872.896484
2345.265869
7326.227539
2345.152832
9021.508789
2345.003662
14760.757813
2345.663330
11786.626953
2344.974609
9886.039063
2345.067139
4724.884277
2345.789063
13218.671875
2344.857910
13811.031250
2345.225586
18096.767578
2345.561035
8613.013672
2344.866699
8888.824219
2345.517334
7924.597656
2346.686523
6768.482422
2344.825195
17119.644531
2344.894043
6762.117676
2344.792725
942.704102
2344.830078
9575.335938
2345.221924
14580.250977
2345.064209
14398.583984
2344.870117
7993.825684
2347.123291
15297.412109
2344.871582
3998.542480
2345.282471
11008.837891
2344.792236
3538.174072
2344.792480
16486.613281
2344.816650
6368.047363
2344.908447
6687.537109
2345.130371
6367.435547
2345.099365
370.372864
2345.480225
8642.449219
2345.073730
16715.750000
2344.860107
7296.563477
2346.222656
12666.269531
2345.029053
7670.980469
2344.856689
18441.761719
2344.849854
14117.180664
2345.039795
9349.097656
2345.153809
9078.992188
2344.899658
15596.021484
2344.862305
6917.177734
2345.383545
8602.339844
2344.811523
4164.653809
2345.033447
7702.916504
2344.877441
16811.765625
2344.854248
2414.340576
2344.878906
12546.153320
2345.767822
1066.093994
2346.445068
6962.577148
2344.952393
155.207245
2344.888672
11700.738281
2344.918701
7239.597656
2344.808350
9636.406250
2344.859131
3884.193848
2345.546387
3027.056885
2345.321289
16153.898438
2345.249023
7522.435547
2345.930664
3055.104004
2346.625977
18443.964844
2344.982422
11880.263672
2347.084229
708.107300
2344.899902
4771.565918
2345.082520
2159.952148
2344.791748
12415.079102
2345.193604
2407.979004
2344.799316
11446.488281
2344.837158
8493.891602
2344.869629
3109.938477
2344.791992
7814.457031
2344.984619
14587.887695
2345.197998
12599.246094
2344.856689
4098.367188
2344.898682
7862.887695
2345.711182
11305.408203
2344.791992
6629.971680
2345.052490
9454.824219
2345.224121
1082.231445
2344.868164
4430.513672
2344.858154
9742.447266
2344.793701
6993.268555
2344.851563
15767.609375
2345.111816
6753.840820
2344.825684
13368.740234
2344.818604
12826.664063
2345.018311
18021.367188
2345.157471
17977.763672
2345.115723
6190.168945
2344.815918
3802.401855
2345.370605
9867.479492
2345.181396
4382.610352
2345.376953
14626.269531
2344.792725
15788.566406
2344.846436
17152.496094
2345.033691
1544.173584
2345.603271
5548.832031
2345.315186
5591.938965
2346.333984
14471.395508
2344.872803
5490.968750
2345.100098
9752.461914
2344.864746
4995.603027
2345.915039
14669.076172
2344.843262
418.485443
2344.791748
16071.470703
2345.424316
16382.877930
2344.826172
190.727356
2344.840332
14055.684570
2345.570557
2051.132813
2344.794922
10339.058594
2345.471191
9527.511719
2344.838623
11903.755859
2344.793457
231.797363
2344.979248
2360.786621
2345.403809
10926.857422
2344.792480
13786.634766
2345.221924
17490.789063
2345.421143
9117.189453
2346.096924
15552.490234
2345.600586
16458.972656
2344.910889
16021.724609
2344.871338
8309.794922
2344.920654
13430.732422
2345.531494
10935.398438
2344.791748
12653.859375
2345.039063
17024.824219
2344.825195
8673.279297
2345.799072
6218.645508
2344.839111
9590.627930
2344.875488
9971.606445
2345.451172
4311.708008
2344.811768
8599.390625
2344.798340
13661.511719
2344.822998
13465.934570
2344.985352
5490.149902
2345.968750
13859.716797
2345.434814
3934.869629
2344.969238
709.792114
2344.893799
590.047607
2344.865967
4535.347656
2345.404297
7263.365234
2345.274414
13346.330078
2344.855957
480.347076
2345.143311
219.865906
2344.831055
17176.597656
2344.835449
5466.708008
2345.020264
48.461948
2344.792480
7314.618652
2344.915527
7061.619629
2345.080322
4476.139648
2346.165039
3537.365723
2344.927979
6234.163086
2344.951660
6305.708984
2345.411377
2598.596436
2344.822510
11070.120117
2345.007568
11823.265625
2344.885742
3495.761719
2344.841797
15775.274414
2344.962891
13552.726563
2345.455566
2120.082031
2344.843994
8268.176758
2345.468506
3166.086914
2345.130615
16054.822266
2344.839111
13736.335938
2344.842285
7263.269531
2345.327393
10382.509766
2344.814453
2941.398438
2345.035889
17942.097656
2344.814453
9783.361328
2344.802490
2246.620850
2344.832031
11668.460938
2344.997559
18288.582031
2344.812744
2360.735596
2345.152100
5080.322266
2344.892090
13717.280273
2345.026367
7763.561523
2345.358643
8103.194824
2345.659424
16784.828125
2344.896240
14161.636719
2346.592041
14689.904297
2344.831787
6426.987305
2344.793945
16137.936523
2344.817383
13580.286133
2344.792236
15842.537109
2345.084717
5310.858398
2345.299561
18256.304688
2345.002441
13128.502930
2344.970215
14111.230469
2344.827148
14449.423828
2344.797363
13534.009766
2344.807373
6744.530273
2344.796875
8537.410156
2345.049072
12512.232422
2344.803955
15696.226563
2344.792236
8600.001953
2344.793701
7734.498535
2344.896973
8028.072754
2345.902100
11766.015625
2345.312012
16880.058594
2345.357178
6919.315430
2344.955811
3670.791016
2344.990723
15833.082031
2344.979004
2558.514160
2345.040771
7895.411621
2344.791748
10085.929688
2344.850342
11829.339844
2345.568115
13954.368164
2344.811035
14720.533203
2345.103271
8029.009766
2344.845215
1228.239014
2344.913086
2422.748291
2344.808594
11716.988281
2344.860352
2845.157227
2344.874512
9061.785156
2345.231689
971.306030
2344.915771
5850.885742
2344.809814
10386.159180
2345.402100
1022.446411
2344.855957
4868.283203
2344.803467
5232.730469
2344.978271
17773.636719
2345.068604
6203.694336
2344.796143
10583.455078
2346.481201
11567.655273
2344.953857
3449.311035
2345.105713
362.219299
2344.833252
17020.810547
2345.059814
4341.986816
2344.828125
14508.637695
2344.872803
3597.170410
2344.792236
10043.836914
2344.889893
5740.289063
2344.908691
6232.740234
2344.868896
7283.357910
2346.131104
14601.250977
2344.796631
13409.199219
2345.099609
11089.771484
2344.938965
11068.240234
2345.729004
1993.111084
2345.820557
5514.114258
2344.793457
4646.407227
2345.708740
1919.303833
2345.023682
5109.990234
2345.062988
4672.273438
2345.204834
4623.698242
2345.561035
8349.408203
2344.996094
8799.760742
2345.015625
9771.171875
2344.798828
8129.844727
2345.828369
13549.746094
2345.651855
11159.656250
2345.055420
8366.369141
2345.366455
1535.068359
2345.694824
17022.777344
2344.792480
4012.431396
2345.448975
11295.302734
2345.040771
15351.487305
2345.625488
930.260376
2345.456543
9309.361328
2345.359375
1802.020508
2345.882813
6025.174805
2345.258789
12258.343750
2344.794434
12091.710938
2345.678711
15547.928711
2345.056641
17801.085938
2344.808838
15261.289063
2345.059326
11284.076172
2344.791748
11671.244141
2345.166260
13235.324219
2344.907227
10714.100586
2344.997070
10947.582031
2344.824463
1942.007813
2344.912354
14978.054688
2344.935791
5328.791992
2344.874512
900.466187
2344.967285
6624.564453
2344.896240
5744.010254
2345.169189
4911.879395
2345.157227
2188.607910
2344.859863
13377.708984
2344.817383
6366.527344
2344.796875
12730.687500
2344.929932
1465.311523
2344.911377
14398.740234
2344.934570
9854.882813
2345.075928
17952.257813
2344.806152
7721.433105
2345.059570
11304.259766
2344.798340
1024.132568
2345.421387
4101.999023
2344.792725
8542.431641
2345.379883
13366.974609
2344.937012
4930.252441
2344.792725
1366.228760
2346.603271
10158.136719
2345.321045
17644.621094
2344.812500
16108.775391
2345.051025
13984.560547
2345.247070
18289.298828
2344.805664
11735.203125
2345.057617
16767.210938
2344.854736
14909.541992
2345.290039
17653.750000
2344.830811
11925.931641
2345.280762
7705.521973
2344.895508
13070.971680
2345.216064
1713.917236
2345.300537
6908.605469
2345.293213
10171.080078
2344.875732
10058.664063
2344.883545
10974.606445
2345.101807
6796.261719
2344.792480
269.689880
2345.015625
5375.792969
2345.590576
6738.850586
2344.794189
3254.923828
2345.031250
5734.747070
2345.195557
10971.183594
2344.802979
13151.775391
2345.093506
16870.896484
2345.377930
9768.123047
2344.791748
16177.384766
2344.890869
12394.594727
2345.219482
16027.156250
2344.845215
17646.980469
2344.986572
12578.270508
2345.309326
11218.080078
2344.807617
387.093079
2345.389160
8647.583984
2345.341553
9244.235352
2344.796631
5842.483398
2345.401855
1995.188965
2344.792725
9774.814453
2344.814697
14193.385742
2346.302734
5990.017578
2345.000732
10057.385742
2344.831543
704.533203
2344.813721
10544.025391
2345.484375
14510.851563
2344.805664
4281.312500
2345.055176
3099.169434
2344.870605
15998.322266
2345.123779
16610.751953
2345.226807
1851.135010
2344.917969
1528.320557
2344.795898
5919.936035
2345.889404
694.983643
2344.906494
838.846863
2345.423340
13941.457031
2345.193604
15736.568359
2345.160889
9428.682617
2346.749512
4197.888672
2344.861328
15376.287109
2346.163818
11762.587891
2345.299561
2402.405762
2344.827393
6778.084961
2344.816162
18398.082031
2345.204834
17911.892578
2344.982422
14713.572266
2345.050781
14379.603516
2344.808594
2407.621094
2344.805420
16835.949219
2345.033447
5749.610352
2345.905518
18237.750000
2345.168457
154.651474
2344.918701
15193.129883
2345.781494
15750.240234
2345.221680
10843.919922
2345.017090
4982.098633
2345.248291
4516.843750
2344.861328
15523.016602
2344.938965
20.643139
2344.823730
3108.225586
2345.381836
5487.944336
2344.791748
16653.949219
2344.809814
12335.566406
2345.217041
18422.484375
2344.872803
9464.529297
2346.226563
2115.421875
2344.875244
13309.488281
2345.620850
16533.398438
2345.454834
11518.249023
2344.964111
11849.521484
2345.670654
5974.350586
2344.806885
17116.830078
2345.160400
16895.632813
2345.167236
18381.769531
2344.791992
3416.377930
2345.830566
5867.508301
2344.799561
13478.621094
2344.885986
9659.490234
2344.981201
839.662292
2345.236084
10046.431641
2344.806396
11508.685547
2344.791992
15215.097656
2345.802002
10422.857422
2346.360107
11147.130859
2344.849365
691.542480
2344.835693
9005.833008
2344.796387
1090.916870
2344.824707
18127.003906
2345.583008
8434.559570
2345.629883
8196.701172
2344.928711
15279.508789
2344.792236
3181.130371
2344.944092
6903.165039
2345.276367
14334.411133
2344.870605
13444.847656
2345.166504
4811.370117
2345.905273
16039.042969
2344.895752
3651.121826
2345.351563
17969.035156
2345.009521
10048.804688
2344.808105
11100.084961
2345.757813
16776.246094
2344.804199
1113.457275
2344.807129
10054.007813
2344.839355
8706.882813
2346.533691
13580.600586
2345.024170
1483.513916
2344.816895
13377.023438
2345.030029
1680.269287
2344.808105
13181.634766
2345.350586
17623.238281
2345.066895
17966.925781
2345.161377
3613.050049
2345.199707
10230.056641
2344.803711
18474.339844
2344.808838
5559.920898
2344.824707
5755.214355
2345.448730
10935.421875
2344.791748
6097.331543
2345.087158
12170.425781
2344.849609
7530.426758
2345.045166
11451.910156
2344.838135
1017.629578
2344.909668
6773.569336
2344.804443
4952.409180
2345.701172
13252.969727
2344.860596
379.140930
2344.828125
17829.318359
2344.952637
17319.742188
2345.181396
992.523376
2344.834961
7317.539063
2345.735107
2189.487549
2344.797607
6959.304688
2345.968018
6545.150879
2344.838867
12889.568359
2345.251221
5452.125977
2345.570557
14855.779297
2344.792480
11123.093750
2344.909912
10236.828125
2345.012939
10308.216797
2345.197021
4764.085938
2344.811279
15511.162109
2344.822510
4795.367188
2345.220947
4699.133789
2346.148193
11448.687500
2344.799561
17674.460938
2346.108154
1655.508179
2346.091553
11157.015625
2344.815186
12751.394531
2345.504639
4332.807617
2344.792480
13786.390625
2345.899658
15165.902344
2344.836914
3466.810547
2344.917725
17328.123047
2344.833984
6200.367188
2344.791748
11949.906250
2347.838867
10370.595703
2344.851563
3865.553711
2344.949951
403.329498
2345.267578
16553.886719
2344.801025
7340.000977
2345.590576
11424.056641
2344.791748
9692.728516
2344.837402
4829.337891
2345.345215
4153.550781
2344.813721
13222.493164
2344.948242
1939.763428
2344.972656
10314.279297
2345.210205
16656.207031
2344.826172
15903.579102
2344.882813
13940.324219
2345.664551
2402.566895
2344.826660
7136.585449
2344.971680
9359.661133
2345.024170
7161.128906
2345.551514
11630.251953
2345.560059
17205.687500
2344.908936
3795.720703
2344.879150
4257.254883
2345.527588
2953.107422
2345.483154
12964.479492
2345.137939
7521.000000
2346.496094
17665.410156
2345.034912
16913.121094
2344.967529
11294.546875
2344.856934
7692.643066
2344.800293
7383.566406
2345.677246
18412.406250
2345.515869
6196.912109
2344.791992
1076.786377
2344.792969
4063.808350
2344.793945
8295.189453
2345.348389
10058.773438
2344.859863
9788.865234
2344.796387
4202.453613
2344.868896
1637.133179
2345.069336
6632.163574
2345.286133
6368.994629
2344.839600
10314.541992
2345.056396
405.821106
2345.918945
16140.478516
2344.804443
14335.464844
2345.347168
3475.484375
2344.832275
4005.387207
2347.053711
8233.261719
2344.873779
1295.161621
2346.799316
