1500
49447.792969
13753.690430
32397.494141
6877.949219
47582.062500
6877.854004
12615.664063
6877.895020
14170.423828
6877.860840
1309.773560
6878.220215
19124.304688
6877.938965
45656.195313
6877.884277
45380.679688
6878.125488
35205.734375
6878.298828
18356.984375
6877.973145
18016.414063
6878.090332
23013.242188
6878.108398
436.175629
6877.873047
31434.785156
6877.946777
456.278168
6877.884277
10794.754883
6877.845703
560.386841
6878.286621
8643.816406
6877.845703
10374.117188
6877.845703
14617.445313
6877.998535
49077.929688
6878.074219
32602.359375
6877.919434
39400.019531
6878.326660
46043.265625
6878.019531
33718.242188
6877.864746
1016.208374
6877.880859
22542.294922
6878.033203
10079.548828
6878.044922
26445.494141
6878.009766
18742.703125
6877.860840
1218.186523
6877.886230
1247.407104
6878.023438
35673.722656
6878.337402
17974.093750
6878.367676
34078.460938
6878.201660
1523.747192
6878.177734
41767.156250
6877.846191
39730.507813
6878.030762
1735.633057
6878.198242
36290.792969
6877.893555
6411.797852
6877.846680
36314.125000
6878.251465
27008.125000
6877.912598
32848.250000
6877.962402
31501.089844
6878.019043
45739.015625
6877.854492
275.294006
6878.076660
16170.254883
6877.922363
41544.328125
6877.846191
2271.371582
6877.893555
1083.651123
6877.996094
3242.011230
6877.909180
25483.429688
6877.851563
15995.127930
6878.141602
33356.000000
6877.882324
35404.734375
6877.968262
32383.277344
6877.916992
24958.148438
6877.870605
13044.165039
6877.847168
37054.992188
6877.890625
2972.085449
6878.260254
39827.195313
6878.050781
38643.992188
6877.852051
33407.101563
6878.137695
26389.361328
6878.079590
15591.923828
6877.867188
7088.877441
6877.857910
9604.179688
6877.853516
12777.191406
6878.000977
46771.992188
6878.054688
10449.865234
6878.015625
5628.036133
6877.993164
26547.664063
6877.846680
13840.454102
6877.973633
32838.406250
6877.882324
31159.601563
6877.848145
17627.236328
6877.960449
41838.726563
6877.960449
38658.785156
6877.851563
30211.835938
6877.935059
28808.359375
6877.881348
1875.714478
6877.924316
4571.125000
6877.851074
15615.070313
6877.887695
41781.257813
6877.854004
48954.679688
6877.845215
47228.964844
6877.945801
17072.082031
6877.903320
42148.843750
6877.917480
20381.953125
6878.482422
25543.628906
6877.867676
4660.859863
6877.933594
3581.702637
6878.030273
27064.298828
6878.051270
4172.167480
6877.975098
7579.985352
6878.149902
4848.625488
6879.080078
4963.234863
6878.662598
5020.332031
6878.898926
31616.345703
6877.948730
35734.492188
6877.995117
40583.957031
6878.578613
16766.394531
6877.865723
13331.814453
6878.064453
42262.648438
6877.929199
6815.138184
6878.383301
5705.300781
6878.139160
12682.082031
6877.852051
49143.460938
6878.395996
46073.492188
6877.981934
41813.132813
6877.882813
3471.020508
6877.849609
43452.109375
6877.958008
6157.673828
6877.916992
2308.306641
6878.073730
11953.049805
6877.848145
12817.533203
6878.077637
12656.985352
6877.846680
43544.078125
6878.459961
21478.972656
6877.854004
19835.679688
6877.857422
37028.296875
6877.872559
30599.281250
6878.242676
6517.971191
6877.937012
8030.069824
6878.113281
15582.208984
6877.868164
6705.756836
6877.871094
31547.953125
6878.200195
6764.264160
6878.074707
39129.390625
6877.894531
6436.094727
6877.863281
41603.214844
6878.034668
13213.339844
6878.306152
977.487732
6877.880371
8656.677734
6877.956543
1244.863647
6877.922363
40044.585938
6877.896484
34832.742188
6878.031738
13654.896484
6877.946777
38952.898438
6877.870605
8976.017578
6877.984375
33169.140625
6878.104004
4811.428711
6878.527344
39534.429688
6877.845703
22907.181641
6877.972168
7717.928711
6877.858398
37384.992188
6878.079102
29369.980469
6877.973633
46820.070313
6878.053223
11602.747070
6877.961914
17155.062500
6877.933105
47000.617188
6878.115234
35185.738281
6878.055664
44595.171875
6878.011719
13575.322266
6877.847656
5119.828613
6878.422363
43672.886719
6878.234863
34929.671875
6877.848145
41546.250000
6877.865234
11812.758789
6878.239746
38589.976563
6878.204590
18851.367188
6877.987305
8566.941406
6878.024414
8622.232422
6877.974609
19785.574219
6877.976563
2489.285645
6877.851074
45951.054688
6878.083984
41158.175781
6878.062988
23374.324219
6878.149414
8843.550781
6878.068359
36706.992188
6878.420898
42964.351563
6878.197266
508.200073
6877.942871
25793.775391
6877.907227
18454.828125
6878.147461
3926.062988
6878.291016
16074.893555
6877.943359
1250.733887
6877.988281
14154.712891
6877.945801
17111.853516
6877.965332
23406.488281
6878.219727
9724.405273
6878.257324
28044.720703
6877.869141
3750.816406
6878.262207
9956.498047
6877.896484
10011.236328
6878.064941
34607.000000
6878.352051
29119.675781
6877.877930
31928.621094
6877.917969
19368.283203
6878.054688
18592.941406
6877.927734
2083.830078
6878.130371
45893.039063
6877.882324
21260.648438
6877.861328
8433.541016
6877.967285
33721.585938
6878.017578
22842.207031
6877.964355
24518.132813
6878.068359
8490.410156
6877.941406
10742.359375
6878.038086
12981.944336
6878.017090
36779.648438
6878.107910
10825.330078
6877.895020
4708.220703
6878.180664
32564.091797
6878.172363
37234.835938
6877.852539
15921.531250
6877.882324
13045.600586
6877.973145
15661.009766
6877.880859
11131.092773
6878.010742
11143.646484
6877.962402
11205.726563
6878.228516
13379.335938
6878.185059
9432.826172
6878.028320
24771.548828
6878.106445
25523.992188
6877.934570
46135.898438
6877.955078
42302.703125
6878.022461
19896.767578
6878.278320
29191.964844
6878.107422
4487.383789
6877.873535
11772.228516
6878.043945
39266.152344
6878.059082
28485.968750
6877.963867
43839.609375
6878.001953
20486.531250
6877.894043
14506.292969
6878.007324
24915.835938
6877.973145
15729.965820
6877.911133
12244.642578
6877.972168
42915.109375
6877.925293
37706.031250
6878.164551
15139.232422
6878.240234
12420.679688
6878.102051
30283.330078
6877.955566
2115.631104
6877.985840
48753.328125
6877.958008
5537.642578
6877.873047
45408.679688
6878.359375
30147.703125
6877.845215
32137.380859
6878.205566
12703.814453
6877.917480
32360.484375
6878.005371
47213.109375
6878.210938
25423.318359
6878.041016
16703.656250
6877.912109
12957.516602
6877.921387
2009.070679
6878.041016
14850.061523
6877.978516
39009.609375
6877.883789
14633.589844
6878.105957
9858.283203
6877.874512
17917.503906
6878.141113
13276.969727
6877.912109
24784.148438
6878.246582
7524.625977
6877.876953
12293.660156
6877.865723
18443.816406
6878.034668
16889.585938
6877.909668
13595.267578
6877.857910
12401.390625
6878.016113
31005.158203
6877.871582
11071.408203
6877.856445
41198.855469
6877.881836
19615.238281
6878.032227
6950.956543
6877.887207
28139.578125
6877.848633
28089.167969
6878.025879
18794.343750
6877.912109
4405.138672
6877.846191
41428.996094
6877.901855
14099.763672
6877.901367
32697.199219
6877.848633
16732.289063
6877.995605
20010.968750
6877.910645
14310.910156
6877.856934
35612.863281
6878.174316
1379.607788
6878.339355
11169.207031
6877.846680
35762.937500
6878.407715
4695.194824
6878.093262
37534.843750
6878.335938
37408.957031
6877.872559
20872.648438
6878.028809
28086.484375
6877.908203
31937.306641
6877.952148
32933.851563
6877.857910
37302.875000
6878.061523
21635.267578
6877.863770
36890.476563
6878.251465
29230.148438
6877.922852
46349.957031
6878.187500
28250.904297
6877.855469
34855.292969
6878.002930
8752.675781
6877.867676
24255.843750
6877.973633
46908.082031
6877.908691
15582.796875
6877.900879
15836.841797
6877.851074
30136.126953
6877.960449
7479.158691
6878.536133
18896.966797
6878.117676
35494.289063
6878.220215
25677.265625
6877.877930
22306.900391
6878.056641
35581.058594
6877.938965
46971.523438
6877.976563
11053.306641
6877.929199
40779.718750
6878.396973
16049.106445
6878.085449
23138.597656
6877.855469
39775.707031
6877.916992
32750.548828
6878.028809
38362.078125
6878.274414
16204.181641
6878.048828
16267.338867
6877.854980
16274.914063
6877.861328
10249.627930
6877.938477
25180.824219
6877.845215
44709.046875
6877.955078
47244.859375
6878.188477
19137.878906
6878.080078
47022.882813
6878.210449
25023.957031
6877.972656
37172.929688
6877.992188
11320.304688
6877.976074
16668.714844
6878.197754
47580.023438
6877.857910
24977.140625
6877.857910
23895.408203
6878.054199
2762.205566
6878.134766
16839.357422
6877.900391
34662.304688
6878.990234
9804.951172
6877.855469
17971.542969
6877.846680
21314.539063
6878.612793
34924.585938
6877.846680
447.309082
6877.845703
17128.226563
6878.019043
48445.656250
6878.018555
9162.333984
6878.366211
22273.765625
6877.860352
9684.552734
6877.857422
7437.539551
6878.077637
34012.328125
6878.198730
10547.550781
6877.920410
27083.925781
6877.875488
8307.703125
6877.861816
17746.656250
6878.129883
25089.699219
6877.948730
19696.466797
6877.858887
2586.695313
6877.943848
7383.353516
6878.051270
17645.726563
6877.868652
39214.250000
6877.870605
18254.996094
6878.247559
24872.277344
6877.867676
18385.683594
6878.152344
6357.066895
6878.076172
12631.232422
6877.852539
9816.271484
6878.057129
46390.449219
6878.413574
32511.160156
6877.888184
713.766724
6878.064453
25280.380859
6878.292969
16303.435547
6877.860840
40443.289063
6877.871094
30672.093750
6878.420898
15331.391602
6878.212402
48522.308594
6877.966309
12055.758789
6878.043945
40096.117188
6877.876465
16289.203125
6877.845215
48711.976563
6878.000977
8270.174805
6877.921875
33916.398438
6877.896973
49084.949219
6877.857422
48803.773438
6877.947754
10165.101563
6878.035645
37836.957031
6877.897461
43423.585938
6877.865723
29288.355469
6877.984375
19674.187500
6877.981934
24239.818359
6877.879395
12495.087891
6877.866211
26831.105469
6877.912598
36507.093750
6877.866699
19964.287109
6878.103516
12654.290039
6877.858398
351.241608
6877.866211
22556.460938
6877.899902
40319.542969
6878.023926
41523.578125
6877.848145
41779.957031
6877.876465
2791.440918
6877.891113
20416.480469
6878.730957
21708.253906
6877.849121
20470.828125
6878.400391
30526.902344
6878.131836
20616.656250
6878.257813
1753.125488
6878.099609
11478.863281
6877.982422
20774.156250
6877.905273
48903.718750
6878.151855
4404.057129
6877.970215
23704.910156
6879.521973
2549.249756
6877.892090
6192.201172
6877.849609
35941.574219
6877.955566
30235.425781
6878.015625
21262.859375
6878.531738
10324.673828
6878.043457
24198.644531
6877.863770
44517.843750
6878.337891
24762.140625
6878.056641
10769.466797
6877.899414
36346.250000
6877.983398
17655.613281
6877.939941
21646.845703
6878.101074
22425.921875
6878.332520
29825.513672
6877.935059
37538.019531
6877.847656
21797.511719
6877.958008
31975.707031
6877.915039
5946.227539
6878.019531
29384.011719
6877.931641
42337.414063
6877.873047
5320.493164
6878.110840
1048.540894
6877.866699
38630.585938
6877.848633
17339.408203
6877.846191
46897.109375
6877.896973
38562.375000
6878.365234
21685.564453
6877.879883
12916.666016
6878.034180
39381.917969
6878.299805
39465.386719
6877.871582
22618.718750
6877.908203
31047.976563
6877.914551
38687.664063
6878.335449
22807.318359
6877.877441
43494.335938
6878.165039
10569.269531
6878.138672
48250.515625
6879.111816
27790.732422
6878.833008
23070.937500
6878.133789
35062.937500
6878.112305
7754.423828
6877.954102
34874.312500
6877.990234
8677.110352
6878.069824
2891.267578
6878.542969
32811.625000
6877.858887
15570.275391
6877.869629
23492.412109
6878.390137
28996.468750
6878.038086
22734.406250
6877.846680
6310.659180
6878.353516
40744.882813
6877.921875
47970.664063
6878.183594
27387.500000
6878.449219
7754.437500
6877.997070
22369.437500
6878.132813
29141.294922
6877.859375
21920.687500
6877.855957
32642.648438
6877.977051
15451.255859
6877.845215
24412.718750
6877.998047
30629.291016
6878.286621
47140.789063
6878.014648
45857.359375
6877.867188
10386.708008
6877.918945
44767.867188
6877.879395
33897.101563
6877.946289
28313.679688
6877.894043
23128.140625
6877.868652
33972.250000
6877.880371
34451.679688
6878.194824
17586.486328
6878.028320
9942.261719
6877.848633
40429.042969
6877.916504
100.116257
6877.887207
25170.808594
6877.907227
37295.222656
6878.249512
40440.492188
6878.033691
2929.401123
6878.844727
21690.460938
6877.850586
37757.414063
6878.454590
26263.355469
6878.870605
16383.376953
6877.989746
25588.582031
6878.014160
27396.062500
6877.849121
20414.078125
6878.219727
23949.773438
6878.226074
25770.906250
6878.051758
7859.096680
6878.426758
7803.139648
6878.291504
28012.949219
6878.015625
16578.765625
6878.062012
23313.550781
6878.057129
111.780327
6878.125000
42995.960938
6877.866699
29923.523438
6878.278320
40412.273438
6877.972656
44107.539063
6877.983887
25631.796875
6878.065430
4033.203369
6878.053711
26543.236328
6878.156738
26592.539063
6878.402832
26607.123047
6878.254883
21234.193359
6877.974609
25162.773438
6877.857910
23426.074219
6878.095703
40276.042969
6877.924805
38643.449219
6878.031738
26887.226563
6878.030762
1441.092773
6877.901367
10800.973633
6877.846191
45487.304688
6877.896484
48620.929688
6878.075195
37993.582031
6880.032715
8200.205078
6878.197754
13190.916016
6878.231445
3322.097168
6878.120117
41775.726563
6877.876465
19210.015625
6877.986816
18830.123047
6877.949219
9659.275391
6878.004883
45902.367188
6877.847168
20868.984375
6878.037598
38438.945313
6877.845215
4491.234375
6877.981934
31204.525391
6877.886719
21533.478516
6878.042480
46145.304688
6878.015625
14693.791016
6877.985352
34498.042969
6878.539063
44147.886719
6877.866211
28270.929688
6877.981445
41330.566406
6877.926270
33243.507813
6877.923828
28383.398438
6878.067383
28413.515625
6878.039551
11896.714844
6877.966797
19262.187500
6877.939453
12677.996094
6877.855957
16831.722656
6877.911621
22976.859375
6877.850586
19244.343750
6877.912598
999.128662
6877.847168
28527.082031
6878.115234
28950.218750
6878.031250
45726.601563
6877.854004
30927.039063
6878.029297
9047.868164
6878.094238
37570.550781
6878.078613
21912.292969
6877.862793
14047.740234
6877.915039
21001.765625
6878.097656
41922.644531
6877.873047
18860.699219
6877.857422
24563.970703
6877.902832
29316.406250
6877.926758
9731.562500
6878.087402
39948.070313
6878.529785
31345.531250
6878.059082
38989.242188
6877.918945
27213.289063
6878.494141
9230.871094
6878.817871
42236.937500
6877.875000
22755.787109
6877.974609
32853.855469
6878.051270
35996.070313
6878.278320
38302.054688
6878.112793
36611.726563
6877.896484
21695.207031
6877.859375
47547.156250
6877.877930
8722.962891
6877.911621
3803.617188
6877.965820
37832.734375
6878.606934
6527.699219
6877.879395
44171.269531
6877.859375
33960.796875
6877.957031
32320.269531
6877.857910
42334.164063
6877.950195
44466.722656
6878.137695
16323.456055
6877.845703
42187.640625
6878.000977
27978.531250
6878.046875
16526.796875
6877.872070
14318.485352
6877.866699
36354.226563
6877.856445
8883.800781
6878.082031
38516.632813
6878.160645
734.111267
6877.998535
3647.486816
6877.864258
7291.761230
6878.220215
22663.611328
6878.064453
2358.944092
6878.191406
31117.757813
6878.082520
39457.281250
6877.845703
4917.966797
6877.845703
34308.406250
6878.352539
24236.330078
6878.050293
45602.351563
6877.845215
4071.739502
6878.087402
2214.457520
6877.876465
415.661255
6877.907715
38474.839844
6877.942383
22242.171875
6878.527832
1326.715576
6878.091309
17798.335938
6878.468262
31832.394531
6877.947266
21467.183594
6877.845215
11671.162109
6877.981445
29003.156250
6877.854492
41160.070313
6877.994629
32022.039063
6878.209473
43991.554688
6877.850586
36071.179688
6877.963867
3255.646973
6877.909180
10426.322266
6877.845703
442.588531
6877.857910
24847.675781
6877.863281
40507.214844
6878.298340
32450.457031
6877.973633
7694.311523
6877.908691
31902.582031
6878.017090
17307.406250
6877.870605
13405.422852
6877.869629
26055.955078
6878.155762
43187.750000
6878.590820
19725.605469
6878.272461
40775.152344
6878.187500
42470.355469
6878.007813
44344.792969
6877.850586
32606.042969
6877.879883
33052.875000
6877.942383
26138.863281
6878.378418
33116.429688
6877.890137
42670.539063
6877.938477
29715.402344
6877.934570
34083.437500
6878.119629
33296.570313
6877.982910
48022.640625
6877.865234
37835.585938
6878.576172
34709.085938
6878.531738
46275.218750
6877.987305
31175.978516
6877.878418
19307.667969
6877.872070
30158.900391
6877.989258
33672.765625
6877.970703
11695.796875
6877.894043
33747.554688
6877.942871
21862.349609
6878.020996
34855.390625
6878.086426
24915.439453
6877.863281
47821.359375
6877.854980
27150.050781
6878.208984
34161.343750
6877.889160
29536.277344
6878.104492
29403.644531
6877.871582
30190.089844
6877.891602
18778.162109
6877.900391
5431.157715
6878.247070
33510.683594
6877.928711
41079.097656
6877.910156
44060.273438
6877.873047
33500.753906
6877.931641
39522.695313
6877.990723
36121.273438
6877.862793
30710.796875
6877.945313
36543.156250
6878.074707
2431.681152
6877.880859
13797.427734
6877.976563
14486.853516
6877.988770
14123.843750
6877.893066
11925.388672
6877.858398
379.578247
6877.848633
15609.526367
6877.877441
48350.742188
6878.719727
10977.611328
6878.023926
48150.148438
6878.395996
29956.904297
6878.175781
41370.625000
6877.967285
44713.109375
6878.419434
5302.093750
6877.938477
20180.837891
6878.071289
7950.538086
6878.046875
35007.460938
6878.031738
26084.500000
6878.148926
19085.792969
6878.031250
31847.466797
6878.032227
42131.101563
6877.869141
48206.523438
6878.740723
36427.921875
6878.003906
36173.738281
6877.962891
36225.667969
6877.898926
25969.972656
6878.011719
43608.156250
6877.977051
12658.697266
6877.860840
12286.429688
6878.067871
36402.980469
6877.917480
33157.406250
6878.012695
31825.349609
6877.888672
5002.838379
6878.058594
3125.603760
6878.273926
27592.031250
6878.848633
36653.625000
6878.106445
16547.775391
6877.875977
10806.333984
6877.858398
36803.226563
6878.098145
33736.437500
6877.998535
7658.776367
6877.904297
302.695129
6877.959961
921.664734
6877.859863
30059.304688
6878.091797
24842.853516
6877.845703
37117.671875
6877.878418
32848.222656
6877.949219
37199.320313
6878.158203
16473.414063
6878.031250
42021.398438
6877.933594
32027.351563
6877.913086
34355.585938
6878.233398
31109.431641
6877.868652
3320.389648
6877.870605
44821.953125
6877.845215
40978.179688
6877.862305
24336.996094
6877.947754
4143.584961
6877.917969
16933.550781
6878.118164
37851.593750
6878.697266
3430.777100
6877.937012
10686.083984
6877.914063
15688.120117
6877.868164
38116.136719
6879.430176
38154.414063
6879.344727
14741.138672
6877.849121
948.656006
6877.908203
24837.707031
6877.845215
39880.664063
6878.485840
18868.396484
6877.894531
41879.242188
6878.115234
22974.193359
6877.904297
428.717041
6877.864746
49367.398438
6877.991211
7136.134766
6877.947266
21740.457031
6877.999512
38800.515625
6877.992676
47386.515625
6878.001465
20544.667969
6878.033691
38939.496094
6878.114746
30734.292969
6878.595703
35970.984375
6878.182617
37503.722656
6878.034668
20734.464844
6878.083984
26495.611328
6877.893066
21229.523438
6878.614258
2029.879639
6877.845703
29461.730469
6877.859863
2543.408691
6877.943359
36109.039063
6877.922363
40918.636719
6878.115723
34792.421875
6877.897949
7036.369141
6877.993652
39622.953125
6877.991699
12488.287109
6877.879883
7212.966309
6878.355469
5035.558105
6878.651367
22063.058594
6878.737305
42833.417969
6878.026855
22508.677734
6877.895996
6945.568848
6878.005371
40127.855469
6878.141602
32253.363281
6878.083008
26914.001953
6878.248535
16362.796875
6878.063477
45603.410156
6877.873047
3373.766602
6877.897949
13669.654297
6877.879395
20452.486328
6878.194824
8678.714844
6877.989746
7524.965820
6878.307617
4380.202148
6877.910156
28180.453125
6877.976563
17711.128906
6877.976074
40846.269531
6878.215332
7134.510742
6877.972656
43249.250000
6877.851074
11954.464844
6878.096680
14970.650391
6878.833496
12289.285156
6877.874512
6242.720703
6878.020020
34269.500000
6878.056641
46106.480469
6877.938965
16419.308594
6877.853516
19040.082031
6877.847168
41301.617188
6877.885254
49230.203125
6878.140625
30288.054688
6877.900879
41232.726563
6877.856445
1674.250732
6877.987305
23384.328125
6877.952637
11912.152344
6878.016602
47701.011719
6877.867676
21944.632813
6878.028809
22779.931641
6877.966797
29188.644531
6878.112793
6413.945801
6877.848145
6831.762695
6877.892578
41800.507813
6877.897949
3873.474609
6878.205566
37966.472656
6879.420898
41935.093750
6877.849609
8987.384766
6878.233398
24103.763672
6877.921875
40522.281250
6878.077637
10447.815430
6878.257813
47437.261719
6878.023438
11448.421875
6877.996094
44699.015625
6878.242188
42980.062500
6878.239746
15478.523438
6878.006836
31181.517578
6877.859863
41969.625000
6877.912598
1150.680664
6877.992676
24553.962891
6878.442383
47656.898438
6878.052246
843.158203
6878.459961
16962.398438
6878.138184
41801.257813
6877.845703
2090.612305
6877.845703
154.967499
6877.898926
14033.528320
6877.981934
31050.451172
6877.919434
32127.240234
6878.127930
1787.031006
6878.090820
31223.267578
6877.994141
14827.658203
6877.873047
16454.867188
6877.963379
43176.921875
6878.513184
34940.070313
6877.877930
45314.039063
6877.882324
43363.144531
6878.122070
2124.207031
6878.093262
33000.894531
6877.951660
18979.523438
6877.988281
5209.533203
6878.326660
49415.640625
6877.852539
42853.027344
6877.950195
24458.548828
6877.870605
7853.201172
6878.499512
13885.500000
6878.048340
29423.087891
6877.845703
43994.203125
6877.878418
997.669922
6877.845215
27684.792969
6879.420898
12559.105469
6878.015625
21123.341797
6878.152344
14073.900391
6877.893555
27467.992188
6878.152832
29595.332031
6877.845703
4750.073242
6878.144531
3234.549072
6877.930664
14361.476563
6878.047852
48929.320313
6878.190918
35631.753906
6878.238770
26612.365234
6877.907715
44228.781250
6877.894531
4514.148926
6877.905273
44792.367188
6877.933594
44840.660156
6878.158203
14800.277344
6877.871582
32601.292969
6877.874023
31449.892578
6877.929688
11073.756836
6877.861816
29648.839844
6877.882813
47630.601563
6878.066895
45311.824219
6877.938477
40539.632813
6878.150391
29139.343750
6877.847168
15440.278320
6877.860840
45816.945313
6877.889648
2661.930420
6877.846680
40436.773438
6878.056152
45633.742188
6877.944824
1029.109253
6877.897461
30327.957031
6877.992188
3444.621094
6878.021973
37768.246094
6877.854004
16692.537109
6878.192871
5884.074219
6878.105469
31604.359375
6877.883301
2735.149414
6878.156250
44679.000000
6878.139648
26843.433594
6877.919922
5951.671875
6877.847656
11693.947266
6877.983398
12341.056641
6878.486328
41471.898438
6878.051270
32393.148438
6877.888672
22285.757813
6878.171387
31309.875000
6878.004883
4340.474121
6877.916504
49401.351563
6877.897461
13849.734375
6877.864746
46564.312500
6877.902344
46635.414063
6877.984863
46677.695313
6878.029297
48546.128906
6878.056152
28897.414063
6877.852539
22338.931641
6877.991211
45228.464844
6878.004883
7715.899414
6877.852051
40492.703125
6878.377441
49415.125000
6877.885254
41035.242188
6877.868652
47161.101563
6878.312988
25844.648438
6877.979492
20203.072266
6878.158691
47283.179688
6878.399902
38825.195313
6878.033203
33506.625000
6877.935059
28867.632813
6878.122070
29869.500000
6877.928223
44926.796875
6878.264648
38033.210938
6877.866211
29056.572266
6878.006836
3848.671875
6878.131836
41558.285156
6877.856934
35698.515625
6878.123535
12667.513672
6877.845215
35624.019531
6878.208496
47874.132813
6878.156738
47920.183594
6877.907715
44475.074219
6878.157227
46051.617188
6878.071777
48051.128906
6877.966309
28280.453125
6877.971191
12575.777344
6878.080566
23214.937500
6878.131348
31590.886719
6877.860352
43139.703125
6878.392090
6424.038086
6877.847168
41031.445313
6877.903320
28628.083984
6878.074219
43590.316406
6878.090332
20944.912109
6878.053711
48679.175781
6878.197754
27953.548828
6878.078125
48807.812500
6878.238281
48825.765625
6878.444336
4604.757813
6878.045898
45131.996094
6878.154785
49001.761719
6878.127441
40529.281250
6877.864746
46743.296875
6877.863770
5820.340820
6878.103027
4585.306641
6878.019043
6196.574219
6877.845703
19811.902344
6878.167480
33851.316406
6877.921875
49423.542969
6877.888184
40729.226563
6877.971680
38813.164063
6877.856445
8280.361328
6877.845215
5664.857422
6877.864258
10603.701172
6878.109375
45979.804688
6877.916504
32184.957031
6878.551270
35438.601563
6878.025391
37624.042969
6878.617676
23215.425781
6878.086426
20540.158203
6877.893066
45670.218750
6877.845703
28819.173828
6877.863770
24450.888672
6877.875488
26625.312500
6878.194336
41362.570313
6877.846680
13645.117188
6877.982422
12194.027344
6878.220703
27771.398438
6878.464844
17548.273438
6877.967285
32862.343750
6878.105957
48810.062500
6877.914063
38290.921875
6878.212891
8927.001953
6878.117188
20117.548828
6877.896484
8313.167969
6877.882324
27668.828125
6879.239746
30099.935547
6878.009766
45974.632813
6877.851563
6570.406738
6878.129883
25719.882813
6877.910156
31676.722656
6877.880371
24241.250000
6877.904785
540.021484
6877.867188
17823.042969
6877.981445
29616.482422
6877.992188
1424.672363
6878.159180
33220.250000
6877.954102
14413.236328
6878.069824
6831.249512
6878.249023
3515.803955
6878.166504
45766.789063
6877.932617
15397.950195
6877.901367
15884.808594
6877.868164
16272.892578
6877.856934
16487.804688
6877.876953
6052.596680
6878.253418
35266.750000
6878.527344
38269.265625
6877.970215
25902.345703
6877.962891
45327.609375
6877.942871
2356.495605
6877.861328
27259.193359
6878.036133
21992.652344
6878.422363
2819.738281
6877.963867
47208.351563
6878.100586
5924.562500
6878.002441
31692.296875
6878.053711
39555.273438
6878.188477
33358.566406
6877.852051
27091.105469
6877.855469
31460.621094
6877.870117
22271.753906
6878.172363
30994.761719
6878.066406
12883.365234
6877.872559
45531.359375
6878.056152
44412.062500
6877.845703
18889.500000
6877.845215
11161.863281
6877.866211
10756.901367
6877.882813
20819.130859
6877.849609
18496.128906
6878.323730
36038.492188
6877.937500
45205.250000
6878.009766
17251.875000
6878.023926
43069.601563
6878.172852
42779.457031
6878.022949
6756.241211
6878.047852
16192.736328
6877.973633
31309.703125
6877.977539
27384.650391
6878.322266
32486.039063
6877.846680
22134.384766
6878.838379
17021.910156
6877.897949
11622.525391
6878.066406
14912.960938
6878.274414
33976.382813
6877.928711
7695.917969
6877.891602
5751.766602
6877.905762
1941.704590
6878.016602
24131.753906
6877.878906
15494.894531
6877.924316
24153.484375
6877.954590
1814.039063
6877.872559
43149.281250
6878.337402
46006.085938
6877.872070
45728.898438
6877.845703
4752.262695
6877.873047
37142.578125
6877.849121
45195.132813
6877.923340
29094.980469
6877.853516
44303.531250
6878.041504
9640.218750
6878.122070
37088.531250
6877.880859
6186.425293
6877.847168
26158.115234
6878.199707
15965.249023
6878.068359
8372.839844
6877.955566
25332.978516
6878.006348
25655.593750
6877.950195
9892.814453
6877.908203
10597.250000
6877.845215
15229.910156
6878.183594
6881.039063
6878.366699
9488.918945
6878.387695
13855.964844
6877.909668
30380.496094
6878.033203
25023.050781
6877.955078
39457.640625
6877.865234
6515.848145
6877.894531
4640.534180
6877.850586
33360.523438
6877.852051
30920.730469
6878.215332
24448.093750
6877.879883
33137.187500
6877.845215
18645.630859
6877.953125
42397.257813
6877.921875
42560.976563
6877.996094
18197.292969
6878.227539
15075.039063
6878.063965
21923.474609
6878.014648
41272.316406
6877.899414
45302.828125
6877.905762
49283.601563
6878.084473
18843.015625
6877.864258
157.845947
6878.116211
14456.974609
6878.126465
36462.156250
6877.957031
30202.929688
6877.892090
37109.144531
6877.846680
46393.273438
6878.417480
45705.933594
6877.914551
43701.449219
6878.119629
15358.186523
6878.007813
49216.789063
6878.051758
43946.496094
6877.994141
206.730469
6878.046875
18449.425781
6877.855957
24842.939453
6877.849121
37903.562500
6879.229004
11117.210938
6877.850586
5218.999023
6877.858887
41725.460938
6878.103516
27519.343750
6878.615234
26524.669922
6878.015137
48480.929688
6877.923340
24001.925781
6878.260742
47003.218750
6877.990723
2012.228271
6877.894043
13943.223633
6878.355957
13042.251953
6877.960938
46502.300781
6878.146973
19292.464844
6877.845703
7876.976074
6878.281250
23551.431641
6878.992676
41308.207031
6877.848633
13460.353516
6878.316895
1312.822266
6877.907227
7825.498047
6878.571777
33533.656250
6877.854980
2187.404785
6877.881348
27323.683594
6877.884766
23005.806641
6877.860840
29832.921875
6877.865234
20342.644531
6878.111816
43442.140625
6877.847168
48131.671875
6878.207031
32548.593750
6878.168945
45732.109375
6877.848633
250.019485
6878.052734
28151.634766
6877.890625
20248.472656
6878.167480
3059.203125
6878.030273
30457.304688
6877.954102
42019.000000
6878.069824
17466.585938
6877.992188
20693.000000
6878.416504
12823.351563
6877.866211
36146.843750
6877.949707
7178.185547
6878.154785
19550.027344
6878.133789
47761.074219
6878.144043
36509.289063
6877.877930
3257.520752
6878.003906
45507.195313
6877.846680
3605.641113
6878.193848
44905.585938
6877.846191
47738.359375
6878.001953
23048.812500
6877.857910
40830.390625
6878.299805
11390.650391
6878.014160
10881.232422
6878.022949
1402.689697
6877.845215
8176.659180
6877.845703
31867.583984
6877.927246
46886.218750
6877.848145
5224.486328
6878.174805
2239.859375
6877.851563
36608.824219
6877.859375
25185.066406
6877.981934
352.058136
6877.914063
2688.411621
6877.969727
33543.210938
6877.859375
37411.640625
6877.892578
16731.833984
6877.916992
31173.140625
6877.860352
17909.070313
6878.148926
25042.074219
6877.873047
6738.570801
6878.031250
41766.027344
6877.904785
27478.027344
6877.848145
20301.281250
6878.188965
41431.941406
6877.846191
14209.515625
6877.966309
14758.480469
6878.070313
23178.343750
6877.957031
37510.210938
6878.062500
40676.890625
6877.873535
21185.847656
6878.400879
33090.914063
6877.846191
35398.515625
6877.999512
14563.872070
6877.896973
15825.400391
6878.046387
48314.156250
6878.582520
32963.921875
6877.987305
8786.235352
6877.880859
28641.062500
6877.912598
28470.234375
6877.859375
22573.925781
6877.900391
47811.031250
6877.896484
39813.382813
6878.174316
49417.867188
6877.887207
7114.451660
6877.860352
19232.078125
6877.919434
1982.978027
6877.857910
38651.902344
6878.006348
40076.375000
6878.023438
10147.353516
6878.140137
36661.648438
6877.955078
29125.304688
6877.869629
13638.051758
6877.881348
15726.285156
6877.912109
20073.865234
6878.135254
13035.332031
6877.900391
3223.759766
6877.891113
12667.781250
6877.848633
3564.468750
6877.929688
37404.593750
6878.009277
8718.662109
6877.866211
31705.673828
6877.915039
8083.202148
6878.132324
31106.605469
6877.889648
11537.764648
6877.961914
43758.648438
6877.857422
35230.789063
6878.582520
8413.695313
6877.957520
24297.609375
6877.847168
31044.312500
6877.888184
18733.757813
6877.847168
26118.203125
6878.078613
44004.906250
6877.845703
49048.515625
6878.098145
21585.994141
6877.845215
345.939880
6877.846191
13506.330078
6878.193359
16351.701172
6877.912109
10161.619141
6877.879883
13780.664063
6877.855469
38304.300781
6877.968750
28208.984375
6877.953125
39094.726563
6877.880859
29462.953125
6877.972656
9585.853516
6877.953613
16309.828125
6877.875488
5543.182617
6878.017090
41018.734375
6877.962402
47050.851563
6878.007813
6663.574219
6878.053711
18748.367188
6877.845703
21005.101563
6878.363770
20824.703125
6877.884766
1558.052246
6878.224121
39057.507813
6877.929199
217.099182
6878.001953
4351.888672
6877.847656
15125.580078
6878.338379
2593.875000
6878.152344
42358.781250
6877.874023
47321.699219
6877.992676
14123.843750
6877.929688
32699.078125
6877.897949
1443.958740
6878.053223
48100.000000
6878.055176
15709.667969
6877.928711
3410.771729
6877.859375
39697.796875
6878.148438
6496.176758
6877.846191
23280.222656
6877.896484
15276.442383
6878.588867
6480.196777
6878.029785
7660.345703
6877.908203
10805.403320
6877.848633
21144.035156
6878.266602
24392.000000
6877.897461
34611.843750
6877.990723
26531.769531
6878.050293
45733.281250
6877.845215
29005.761719
6877.987305
8499.162109
6877.981934
23647.835938
6878.798340
16712.582031
6877.865234
44115.332031
6877.966797
88.383972
6877.927246
14614.012695
6877.897949
27319.470703
6878.283691
44990.406250
6878.749512
30102.980469
6877.847656
29559.597656
6877.921387
25992.667969
6878.160156
29313.195313
6877.873535
19829.566406
6877.852051
8405.886719
6878.113281
16136.994141
6878.077637
11788.974609
6877.871582
6618.114258
6878.470215
36185.863281
6877.845703
44040.437500
6877.909180
28322.066406
6877.928223
16645.597656
6878.351074
36624.750000
6877.849121
43220.871094
6878.895996
17199.285156
6877.963379
12832.575195
6878.179199
44241.710938
6877.894043
41108.351563
6878.017578
41220.441406
6877.861328
2359.142090
6878.017090
42535.464844
6877.908691
41652.820313
6878.436523
25224.937500
6878.154785
13635.748047
6877.920410
39301.429688
6878.400879
36302.835938
6878.098145
47832.062500
6877.897949
41875.718750
6877.944824
36921.820313
6878.657227
36500.773438
6877.946289
40339.511719
6878.130859
39967.304688
6878.405762
35129.921875
6878.132324
4251.348633
6878.103516
4475.570313
6878.061035
29779.277344
6878.189453
27205.050781
6877.845215
22433.558594
6878.392090
43004.289063
6877.934082
2487.897949
6877.950684
22692.390625
6878.086426
31915.064453
6878.002441
47641.089844
6877.984375
18998.589844
6877.978027
13732.716797
6877.911133
21695.677734
6877.845215
390.114868
6877.846680
36631.750000
6877.846191
39471.859375
6877.849609
12121.628906
6878.350098
5985.836914
6878.004395
1048.183838
6877.852051
42119.710938
6877.917480
10852.298828
6877.906738
30125.755859
6877.982910
8158.684570
6877.921387
10919.350586
6878.105957
11198.986328
6877.907715
14395.765625
6878.187500
42242.507813
6877.851074
6764.227539
6877.882813
6821.446289
6878.366211
26226.371094
6878.569824
38440.195313
6877.845703
30569.472656
6878.584473
20916.884766
6877.904297
26083.062500
6878.312500
17508.652344
6878.079590
44433.320313
6877.851563
13696.691406
6877.854004
22295.074219
6877.917480
11150.685547
6877.990234
30169.847656
6877.847656
36830.015625
6877.951172
34387.726563
6878.365234
32388.652344
6877.845703
46035.828125
6878.002930
31748.625000
6878.364746
25105.011719
6878.059082
42706.359375
6877.919922
2808.928223
6878.578125
6420.998047
6877.846680
45163.726563
6877.886719
12471.498047
6877.880371
34017.226563
6878.149414
38181.281250
6878.692383
18762.402344
6877.885254
35803.929688
6878.763672
4110.430664
6878.453613
18680.187500
6878.148926
28109.308594
6878.117676
6592.729492
6877.862305
26762.509766
6878.094727
42092.765625
6877.916504
36276.582031
6877.999023
11427.369141
6878.024414
24659.865234
6877.917480
33823.765625
6878.003418
32501.437500
6877.944824
30571.980469
6878.000488
5287.665039
6877.853516
26699.527344
6877.917480
172.678375
6877.866699
13574.384766
6877.853027
6288.064453
6878.275879
10081.065430
6878.044922
31192.390625
6877.849609
28724.527344
6878.314453
11532.376953
6877.988281
28930.173828
6877.889648
43802.414063
6878.041016
42882.375000
6877.854492
21419.121094
6878.020996
20433.773438
6878.723145
1055.046631
6878.046875
9907.740234
6878.014648
24615.710938
6878.704102
30865.882813
6877.913086
31512.957031
6877.845215
64.274208
6877.958984
3564.219238
6877.849121
20475.683594
6877.846680
47660.531250
6878.032715
22184.531250
6878.326172
27131.335938
6878.335938
47107.171875
6878.063965
35640.007813
6877.868652
16913.800781
6877.933105
39140.484375
6878.129395
5739.291992
6877.916992
33596.613281
6878.099121
9959.834961
6877.853516
12496.361328
6877.861816
10398.360352
6877.959473
1284.552979
6878.342773
29562.699219
6877.939453
36372.968750
6877.946289
9088.448242
6878.160645
34898.136719
6877.883789
13872.923828
6877.854980
9370.284180
6878.104980
44198.359375
6878.015137
45543.250000
6878.052734
37453.734375
6877.971680
46212.031250
6878.270996
18031.960938
6878.208008
40419.000000
6877.902832
23316.796875
6877.874512
15540.363281
6877.913086
41774.777344
6877.851074
43433.453125
6877.849609
783.862183
6878.115234
47576.367188
6877.862305
20103.375000
6878.202148
19434.144531
6878.307129
42621.085938
6877.875977
34211.710938
6877.949219
27935.347656
6878.171387
6766.971680
6877.851563
28653.562500
6878.268555
12891.953125
6878.055176
43858.343750
6878.087891
20898.375000
6877.891602
37273.339844
6878.148926
11911.691406
6878.006348
3687.150635
6878.339355
13133.148438
6878.032715
10507.616211
6878.669434
44382.589844
6878.010742
3434.080078
6877.851563
15761.391602
6877.893555
18808.757813
6877.924316
3828.709961
6878.044922
47923.843750
6877.892090
26734.697266
6877.989746
31165.259766
6877.880859
29094.332031
6877.852051
11893.197266
6877.908691
40229.218750
6877.980957
44785.949219
6877.962402
39405.023438
6877.850586
13.800470
6877.858887
5399.627441
6878.000488
43414.574219
6877.919434
31068.636719
6877.859375
4306.986328
6877.845215
47480.906250
6878.183105
640.089661
6877.982910
1830.214600
6878.233887
35515.414063
6877.998535
38917.093750
6878.000488
40574.605469
6877.845215
18078.644531
6878.492676
21605.796875
6877.871582
40696.792969
6877.924316
7376.074219
6877.932129
14269.791016
6878.054688
29666.261719
6877.860352
14593.131836
6877.966797
17362.074219
6878.108887
19300.675781
6877.888184
16579.691406
6877.968262
16788.537109
6877.964355
17145.480469
6877.903809
34955.289063
6877.887695
20791.873047
6877.997559
36164.968750
6877.854004
36770.070313
6877.893555
42652.375000
6877.976074
45466.015625
6877.846680
